
time,npos,epos,alt,phi,theta,psi,vel,alpha,beta,p,q,r,nx,ny,nz,mach,qbar,ps,

 0.00000, 0.00000, 0.00000,5000.00000, 0.00000, 2.94068, 0.00000,500.00000, 2.94068, 0.00000, 0.00000, 0.00000, 0.00000, 0.05129,-0.01256, 0.99849, 0.45582,256.21395,1760.28927,2181.15859,-1.85638,-0.08289, 0.04562,
 0.10000,49.99962,-0.00213,5000.00877,-0.00407, 2.84773, 0.00188,499.97751, 2.82002,-0.00698,-0.03161,-2.72088, 0.04698, 0.03688,-0.01312, 1.08075, 0.45580,256.19083,1760.28869,2068.75649, 2.81445,-0.06099,-0.10095,
 0.20000,99.99642,-0.00847,5000.02591,-0.00822, 2.46975, 0.00964,499.96374, 2.47791,-0.01956,-0.04995,-3.83983, 0.10311, 0.02690,-0.01187, 0.76466, 0.45579,256.17659,1760.28756,1967.05086,-3.02470,-0.10180,-0.17783,
 0.30000,149.99211,-0.01866,4999.98228,-0.01215, 2.13621, 0.02245,499.95204, 2.22845,-0.03663,-0.03836,-3.00079, 0.15387, 0.02540,-0.01027, 0.76292, 0.45578,256.16493,1760.29044,1875.02381,-1.85749,-0.10197,-0.24313,
 0.40000,199.98674,-0.03220,4999.86208,-0.01463, 1.85907, 0.04052,499.94358, 2.04411,-0.05824,-0.02360,-2.55694, 0.20466, 0.02025,-0.00824, 0.73384, 0.45577,256.15720,1760.29836,1791.75428,-1.75757,-0.09282,-0.27957,
 0.50000,249.98021,-0.04844,4999.65658,-0.01558, 1.62311, 0.06311,499.93433, 1.91037,-0.08353,-0.00928,-2.16896, 0.24305, 0.01566,-0.00602, 0.71280, 0.45576,256.14930,1760.31191,1716.40890,-1.72580,-0.07861,-0.30302,
 0.60000,299.97223,-0.06668,4999.35895,-0.01518, 1.42406, 0.08871,499.92362, 1.81975,-0.11096, 0.00321,-1.81793, 0.26458, 0.01174,-0.00378, 0.70024, 0.45575,256.14063,1760.33153,1648.23358,-1.70809,-0.06183,-0.31953,
 0.70000,349.96242,-0.08621,4998.96509,-0.01371, 1.25840, 0.11553,499.91119, 1.76580,-0.13879, 0.01324,-1.50094, 0.26786, 0.00841,-0.00165, 0.69497, 0.45574,256.13094,1760.35750,1586.54600,-1.69932,-0.04421,-0.33242,
 0.80000,399.95041,-0.10633,4998.47326,-0.01146, 1.12282, 0.14178,499.89691, 1.74273,-0.16528, 0.02051,-1.21588, 0.25360, 0.00561, 0.00023, 0.69587, 0.45573,256.12010,1760.38992,1530.72877,-1.69719,-0.02715,-0.34346,
 0.90000,449.93582,-0.12643,4997.88371,-0.00871, 1.01424, 0.16580,499.88070, 1.74539,-0.18888, 0.02497,-0.96074, 0.22407, 0.00328, 0.00179, 0.70188, 0.45571,256.10805,1760.42879,1480.22325,-1.70000,-0.01179,-0.35344,
 1.00000,499.91828,-0.14602,4997.19834,-0.00576, 0.92975, 0.18623,499.86250, 1.76915,-0.20838, 0.02672,-0.73356, 0.18262, 0.00139, 0.00295, 0.71213, 0.45569,256.09470,1760.47398,1434.68044,-1.70383, 0.00099,-0.36263,
 1.10000,549.89779,-0.16476,4996.42044, 0.01940, 0.86599, 0.20297,499.85144, 1.80929,-0.22326, 0.54334,-0.54151, 0.15245, 0.00537, 0.00336, 0.72526, 0.45568,256.08937,1760.52526,1507.09144,-1.71389,-0.20611,-0.32265,
 1.20000,599.87548,-0.18232,4995.55425, 0.10115, 0.82090, 0.21576,499.85502, 1.86299,-0.23162, 1.06420,-0.36377, 0.09828, 0.00915, 0.00468, 0.74122, 0.45568,256.09973,1760.58237,1572.64480,-1.72671,-0.18842,-0.22942,
 1.30000,649.85268,-0.19795,4994.60485, 0.22813, 0.79248, 0.22125,499.87153, 1.92721,-0.23002, 1.45418,-0.20795, 0.00651, 0.01273, 0.00559, 0.75924, 0.45570,256.12398,1760.64497,1631.86191,-1.73949,-0.16685,-0.10332,
 1.40000,699.83058,-0.21081,4993.57806, 0.38846, 0.77864, 0.21568,499.89924, 1.99910,-0.21493, 1.73830,-0.07287,-0.12218, 0.01611, 0.00573, 0.77867, 0.45572,256.16031,1760.71267,1685.23116,-1.75329,-0.14843, 0.04727,
 1.50000,749.81023,-0.22013,4992.48012, 0.57262, 0.77747, 0.19568,499.93654, 2.07614,-0.18332, 1.93783, 0.04302,-0.28213, 0.01927, 0.00481, 0.79897, 0.45575,256.20703,1760.78507,1733.21029,-1.76770,-0.13742, 0.21718,
 1.60000,799.79257,-0.22536,4991.31753, 0.77301, 0.78726, 0.15862,499.98193, 2.15615,-0.13299, 2.07009, 0.14119,-0.46428, 0.02222, 0.00266, 0.81969, 0.45579,256.26253,1760.86173,1776.22836,-1.78233,-0.13703, 0.40272,
 1.70000,849.77842,-0.22619,4990.09697, 0.98359, 0.80647, 0.10286,500.03400, 2.23725,-0.06285, 2.14926, 0.22304,-0.65745, 0.02497,-0.00083, 0.84043, 0.45584,256.32535,1760.94221,1814.68743,-1.79680,-0.14946, 0.60084,
 1.80000,899.76847,-0.22266,4988.82511, 1.19964, 0.83367, 0.02795,500.09147, 2.31782, 0.02699, 2.18736, 0.28992,-0.84937, 0.02754,-0.00559, 0.86065, 0.45589,256.39411,1761.02609,1848.96404,-1.81080,-0.17551, 0.80893,
 1.90000,949.76335,-0.21515,4987.50847, 1.41764, 0.86759,-0.06530,500.15345, 2.39673, 0.13526, 2.19577, 0.34340,-1.02733, 0.02998,-0.01132, 0.87972, 0.45594,256.46786,1761.11292,1879.40945,-1.82367,-0.21270, 1.02812,
 2.00000,999.76358,-0.20431,4986.15322, 1.63495, 0.90703,-0.17498,500.21900, 2.47299, 0.25955, 2.18134, 0.38476,-1.18150, 0.03224,-0.01801, 0.89787, 0.45600,256.54557,1761.20230,1906.34974,-1.83550,-0.26151, 1.25653,
 2.10000,1049.76961,-0.19106,4984.76525, 1.84967, 0.95089,-0.29829,500.28715, 2.54581, 0.39666, 2.15066, 0.41530,-1.30402, 0.03431,-0.02545, 0.91494, 0.45606,256.62622,1761.29384,1930.08926,-1.84628,-0.32052, 1.49078,
 2.20000,1099.78179,-0.17653,4983.35015, 2.06046, 0.99813,-0.43175,500.35703, 2.61454, 0.54278, 2.10926, 0.43635,-1.38908, 0.03620,-0.03340, 0.93084, 0.45612,256.70887,1761.38717,1950.91210,-1.85604,-0.38752, 1.72772,
 2.30000,1149.80039,-0.16203,4981.91311, 2.26655, 1.04778,-0.57147,500.42785, 2.67878, 0.69374, 2.06166, 0.44924,-1.43328, 0.03791,-0.04158, 0.94549, 0.45618,256.79267,1761.48195,1969.08325,-1.86483,-0.45982, 1.96443,
 2.40000,1199.82559,-0.14893,4980.45897, 2.46756, 1.09896,-0.71329,500.49890, 2.73824, 0.84528, 2.01143, 0.45527,-1.43575, 0.03945,-0.04972, 0.95888, 0.45624,256.87687,1761.57787,1984.84959,-1.87276,-0.53447, 2.19823,
 2.50000,1249.85752,-0.13861,4978.99215, 2.66344, 1.15086,-0.85315,500.56961, 2.79281, 0.99331, 1.96131, 0.45570,-1.39815, 0.04082,-0.05756, 0.97103, 0.45631,256.96082,1761.67463,1998.44065,-1.87991,-0.60847, 2.42675,
 2.60000,1299.89624,-0.13235,4977.51670, 2.85439, 1.20278,-0.98725,500.63946, 2.84247, 1.13409, 1.91321, 0.45174,-1.32441, 0.04203,-0.06487, 0.98197, 0.45637,257.04398,1761.77196,2010.06928,-1.88641,-0.67900, 2.64793,
 2.70000,1349.94173,-0.13131,4976.03628, 3.04075, 1.25410,-1.11226,500.70808, 2.88732, 1.26448, 1.86834, 0.44447,-1.22036, 0.04310,-0.07147, 0.99176, 0.45643,257.12592,1761.86962,2019.93228,-1.89233,-0.74359, 2.86008,
 2.80000,1399.99397,-0.13642,4974.55418, 3.22297, 1.30435,-1.22556,500.77518, 2.92753, 1.38208, 1.82726, 0.43487,-1.09325, 0.04402,-0.07721, 1.00048, 0.45649,257.20634,1761.96740,2028.21085,-1.89775,-0.80027, 3.06189,
 2.90000,1450.05287,-0.14835,4973.07333, 3.40150, 1.35313,-1.32524,500.84057, 2.96334, 1.48529, 1.79002, 0.42377,-0.95121, 0.04481,-0.08202, 1.00822, 0.45654,257.28501,1762.06510,2035.07122,-1.90272,-0.84768, 3.25243,
 3.00000,1500.11834,-0.16750,4971.59635, 3.57674, 1.40017,-1.41028,500.90414, 2.99502, 1.57337, 1.75621, 0.41186,-0.80267, 0.04547,-0.08587, 1.01489, 0.45660,257.36179,1762.16255,2040.66520,-1.91255,-0.88511, 3.43113,
 3.10000,1550.19023,-0.19400,4970.12543, 3.74904, 1.44665,-1.48038,500.96561, 3.02430, 1.64645, 1.72521, 0.41790,-0.65637, 0.04608,-0.08876, 1.02171, 0.45665,257.43638,1762.25961,2045.13230,-1.91486,-0.91246, 3.60005,
 3.20000,1600.26843,-0.22765,4968.66287, 3.91867, 1.49162,-1.53621,501.02528, 3.05012, 1.70547, 1.69620, 0.40441,-0.51984, 0.04658,-0.09080, 1.02740, 0.45671,257.50906,1762.35611,2048.59772,-1.91542,-0.93007, 3.75783,
 3.30000,1650.35279,-0.26800,4967.21060, 4.08574, 1.53445,-1.57914,501.08300, 3.07245, 1.75199, 1.66783, 0.39032,-0.39926, 0.04698,-0.09213, 1.03223, 0.45676,257.57968,1762.45194,2051.17498,-1.91869,-0.93960, 3.90321,
 3.40000,1700.44317,-0.31441,4965.77023, 4.25023, 1.57522,-1.61100,501.13880, 3.09162, 1.78804, 1.63927, 0.37674,-0.29897, 0.04730,-0.09288, 1.03639, 0.45680,257.64825,1762.54700,2052.96700,-1.92159,-0.94248, 4.03714,
 3.50000,1750.53941,-0.36607,4964.34315, 4.41205, 1.61408,-1.63398,501.19273, 3.10795, 1.81596, 1.60974, 0.36372,-0.22177, 0.04754,-0.09322, 1.03996, 0.45685,257.71479,1762.64117,2054.06654,-1.92393,-0.94040, 4.16081,
 3.60000,1800.64137,-0.42204,4962.93052, 4.57102, 1.65122,-1.65046,501.24481, 3.12173, 1.83821, 1.57863, 0.35116,-0.16881, 0.04773,-0.09330, 1.04299, 0.45690,257.77934,1762.73440,2054.55720,-1.92567,-0.93515, 4.27547,
 3.70000,1850.74886,-0.48136,4961.53334, 4.72688, 1.68685,-1.66285,501.29507, 3.13321, 1.85725, 1.54549, 0.33893,-0.13973, 0.04786,-0.09329, 1.04552, 0.45694,257.84190,1762.82661,2054.51438,-1.92681,-0.92854, 4.38240,
 3.80000,1900.86175,-0.54304,4960.15242, 4.87936, 1.72114,-1.67347,501.34351, 3.14262, 1.87533, 1.51010, 0.32684,-0.13271, 0.04795,-0.09333, 1.04758, 0.45698,257.90247,1762.91776,2054.00618,-1.92738,-0.92225, 4.48286,
 3.90000,1950.97985,-0.60612,4958.78845, 5.02818, 1.75429,-1.68438,501.39013, 3.15014, 1.89443, 1.47246, 0.31473,-0.14476, 0.04799,-0.09354, 1.04920, 0.45702,257.96104,1763.00779,2053.09419,-1.92738,-0.91771, 4.57804,
 4.00000,2001.10299,-0.66976,4957.44195, 5.17306, 1.78643,-1.69731,501.43491, 3.15592, 1.91617, 1.43276, 0.30248,-0.17200, 0.04800,-0.09400, 1.05041, 0.45706,258.01760,1763.09666,2051.83423,-1.92686,-0.91608, 4.66902,
 4.10000,2051.23100,-0.73320,4956.11332, 5.31376, 1.81767,-1.71356,501.47784, 3.16010, 1.94167, 1.39136, 0.28996,-0.20997, 0.04797,-0.09479, 1.05122, 0.45710,258.07212,1763.18437,2050.27696,-1.92587,-0.91815, 4.75671,
 4.20000,2101.36369,-0.79584,4954.80286, 5.45012, 1.84808,-1.73397,501.51890, 3.16280, 1.97162, 1.34875, 0.27716,-0.25394, 0.04791,-0.09593, 1.05166, 0.45713,258.12458,1763.27087,2048.46839,-1.92448,-0.92433, 4.84186,
 4.30000,2151.50087,-0.85721,4953.51073, 5.58203, 1.87768,-1.75893,501.55807, 3.16411, 2.00620, 1.30548, 0.26406,-0.29920, 0.04784,-0.09748, 1.05183, 0.45717,258.17496,1763.35617,2046.45032,-1.92281,-0.93476, 4.92513,
 4.40000,2201.64234,-0.91704,4952.23706, 5.70942, 1.90641,-1.78816,501.59536, 3.16399, 2.04491, 1.26191, 0.25032,-0.33695, 0.04778,-0.09966, 1.05207, 0.45720,258.22327,1763.44026,2044.26065,-1.92217,-0.94962, 5.01061,
 4.50000,2251.78793,-0.97522,4950.98196, 5.83241, 1.93416,-1.82064,501.63077, 3.16247, 2.08652, 1.21997, 0.23647,-0.36256, 0.04770,-0.10201, 1.05198, 0.45723,258.26951,1763.52312,2041.93362,-1.92187,-0.96635, 5.09938,
 4.60000,2301.93742,-1.03180,4949.74549, 5.95123, 1.96080,-1.85510,501.66434, 3.15964, 2.12971, 1.18013, 0.22287,-0.37521, 0.04760,-0.10443, 1.05160, 0.45726,258.31370,1763.60476,2039.49997,-1.92163,-0.98389, 5.19017,
 4.70000,2352.09065,-1.08683,4948.52760, 6.06613, 1.98624,-1.89027,501.69611, 3.15566, 2.17316, 1.14262, 0.20981,-0.37506, 0.04748,-0.10683, 1.05095, 0.45728,258.35591,1763.68517,2036.98721,-1.92145,-1.00131, 5.28179,
 4.80000,2402.24740,-1.14042,4947.32816, 6.17742, 2.01043,-1.92491,501.72614, 3.15067, 2.21564, 1.10757, 0.19753,-0.36315, 0.04734,-0.10913, 1.05007, 0.45731,258.39619,1763.76436,2034.41971,-1.92130,-1.01774, 5.37313,
 4.90000,2452.40752,-1.19267,4946.14696, 6.28536, 2.03333,-1.95793,501.75450, 3.14485, 2.25611, 1.07497, 0.18626,-0.34126, 0.04719,-0.11126, 1.04899, 0.45733,258.43460,1763.84236,2031.81891,-1.92116,-1.03249, 5.46320,
 5.00000,2502.57081,-1.24366,4944.98374, 6.39023, 2.05494,-1.98846,501.78127, 3.13836, 2.29375, 1.04468, 0.17613,-0.31172, 0.04704,-0.11316, 1.04782, 0.45735,258.47124,1763.91917,2029.20350,-1.91836,-1.04501, 5.55114,
 5.10000,2552.73711,-1.29341,4943.83820, 6.49229, 2.07463,-2.01589,501.80664, 3.13067, 2.32798, 1.01638, 0.15810,-0.27677, 0.04684,-0.11483, 1.04605, 0.45738,258.50631,1763.99481,2026.58892,-1.91908,-1.05511, 5.63421,
 5.20000,2602.90627,-1.34190,4942.70983, 6.59172, 2.09291,-2.03978,501.83056, 3.12263, 2.35848, 0.98979, 0.15116,-0.23893, 0.04665,-0.11624, 1.04439, 0.45740,258.53975,1764.06933,2023.98894,-1.92032,-1.06274, 5.71360,
 5.30000,2653.07813,-1.38906,4941.59815, 6.68870, 2.11019,-2.05992,501.85319, 3.11458, 2.38518, 0.96485, 0.14590,-0.20104, 0.04645,-0.11736, 1.04277, 0.45741,258.57174,1764.14274,2021.41509,-1.91990,-1.06753, 5.79033,
 5.40000,2703.25255,-1.43473,4940.50266, 6.78338, 2.12661,-2.07643,501.87460, 3.10663, 2.40831, 0.94109, 0.14171,-0.16585, 0.04626,-0.11823, 1.04118, 0.45743,258.60234,1764.21509,2018.87678,-1.91930,-1.06979, 5.86403,
 5.50000,2753.42940,-1.47869,4939.42289, 6.87584, 2.14230,-2.08969,501.89486, 3.09889, 2.42834, 0.91809, 0.13845,-0.13554, 0.04606,-0.11889, 1.03962, 0.45745,258.63165,1764.28640,2016.38186,-1.91859,-1.07000, 5.93453,
 5.60000,2803.60854,-1.52066,4938.35835, 6.96612, 2.15739,-2.10025,501.91403, 3.09141, 2.44589, 0.89550, 0.13591,-0.11163, 0.04587,-0.11941, 1.03811, 0.45746,258.65971,1764.35671,2013.93685,-1.91775,-1.06873, 6.00191,
 5.70000,2853.78987,-1.56034,4937.30859, 7.05422, 2.17203,-2.10881,501.93216, 3.08425, 2.46168, 0.87302, 0.13391,-0.09495, 0.04568,-0.11983, 1.03667, 0.45748,258.68657,1764.42604,2011.54717,-1.91681,-1.06658, 6.06643,
 5.80000,2903.97325,-1.59738,4936.27316, 7.14012, 2.18634,-2.11607,501.94926, 3.07743, 2.47645, 0.85045, 0.13223,-0.08568, 0.04550,-0.12021, 1.03531, 0.45749,258.71228,1764.49443,2009.21739,-1.91575,-1.06413, 6.12846,
 5.90000,2954.15858,-1.63148,4935.25163, 7.22377, 2.20044,-2.12276,501.96537, 3.07096, 2.49092, 0.82766, 0.13070,-0.08335, 0.04533,-0.12061, 1.03402, 0.45751,258.73686,1764.56191,2006.95137,-1.91462,-1.06195, 6.18845,
 6.00000,3004.34575,-1.66230,4934.24359, 7.30513, 2.21440,-2.12953,501.98050, 3.06480, 2.50571, 0.80463, 0.12915,-0.08704, 0.04517,-0.12106, 1.03281, 0.45752,258.76032,1764.62849,2004.75244,-1.91344,-1.06047, 6.24683,
 6.10000,3054.53465,-1.68957,4933.24868, 7.38414, 2.22829,-2.13691,501.99465, 3.05894, 2.52131, 0.78140, 0.12744,-0.09543, 0.04501,-0.12161, 1.03166, 0.45753,258.78267,1764.69421,2002.62356,-1.91223,-1.06005, 6.30403,
 6.20000,3104.72517,-1.71304,4932.26655, 7.46079, 2.24213,-2.14530,502.00782, 3.05332, 2.53807, 0.75807, 0.12548,-0.10697, 0.04487,-0.12226, 1.03058, 0.45754,258.80391,1764.75909,2000.56735,-1.91104,-1.06090, 6.36041,
 6.30000,3154.91720,-1.73252,4931.29686, 7.53505, 2.25594,-2.15493,502.02001, 3.04792, 2.55615, 0.73478, 0.12324,-0.12005, 0.04473,-0.12304, 1.02954, 0.45755,258.82405,1764.82314,1998.58619,-1.90990,-1.06310, 6.41623,
 6.40000,3205.11063,-1.74787,4930.33932, 7.60694, 2.26971,-2.16588,502.03123, 3.04267, 2.57559, 0.71171, 0.12070,-0.13308, 0.04460,-0.12393, 1.02853, 0.45756,258.84309,1764.88640,1996.68224,-1.90882,-1.06663, 6.47166,
 6.50000,3255.30537,-1.75897,4929.39363, 7.67649, 2.28338,-2.17809,502.04148, 3.03754, 2.59625, 0.68905, 0.11789,-0.14467, 0.04447,-0.12492, 1.02755, 0.45757,258.86103,1764.94888,1994.85743,-1.90785,-1.07134, 6.52676,
 6.60000,3305.50130,-1.76580,4928.45951, 7.74376, 2.29692,-2.19135,502.05075, 3.03250, 2.61787, 0.66698, 0.11489,-0.15367, 0.04436,-0.12600, 1.02659, 0.45757,258.87789,1765.01059,1993.11350,-1.90698,-1.07701, 6.58151,
 6.70000,3355.69831,-1.76833,4927.53671, 7.80882, 2.31027,-2.20536,502.05907, 3.02753, 2.64013, 0.64566, 0.11178,-0.15926, 0.04425,-0.12712, 1.02564, 0.45758,258.89367,1765.07156,1991.45190,-1.90623,-1.08336, 6.63582,
 6.80000,3405.89632,-1.76658,4926.62496, 7.87177, 2.32338,-2.21976,502.06644, 3.02261, 2.66263, 0.62521, 0.10865,-0.16096, 0.04414,-0.12826, 1.02470, 0.45758,258.90839,1765.13179,1989.87384,-1.90559,-1.09006, 6.68950,
 6.90000,3456.09521,-1.76059,4925.72401, 7.93273, 2.33619,-2.23416,502.07291, 3.01775, 2.68497, 0.60572, 0.10561,-0.15867, 0.04404,-0.12939, 1.02376, 0.45759,258.92209,1765.19132,1988.38020,-1.90507,-1.09680, 6.74237,
 7.00000,3506.29489,-1.75039,4924.83359, 7.99179, 2.34867,-2.24817,502.07848, 3.01294, 2.70677, 0.58723, 0.10274,-0.15262, 0.04394,-0.13048, 1.02283, 0.45759,258.93479,1765.25015,1986.97154,-1.90465,-1.10329, 6.79420,
 7.10000,3556.49526,-1.73604,4923.95346, 8.04909, 2.36078,-2.26145,502.08320, 3.00822, 2.72767, 0.56975, 0.10013,-0.14331, 0.04385,-0.13151, 1.02191, 0.45759,258.94653,1765.30831,1985.64806,-1.90430,-1.10927, 6.84478,
 7.20000,3606.69624,-1.71757,4923.08337, 8.10472, 2.37251,-2.27368,502.08710, 3.00360, 2.74741, 0.55323, 0.09783,-0.13144, 0.04375,-0.13246, 1.02100, 0.45760,258.95734,1765.36580,1984.40961,-1.90402,-1.11455, 6.89393,
 7.30000,3656.89773,-1.69500,4922.22305, 8.15880, 2.38386,-2.28468,502.09022, 2.99910, 2.76581, 0.53760, 0.09588,-0.11789, 0.04367,-0.13331, 1.02011, 0.45760,258.96728,1765.42265,1983.25570,-1.90377,-1.11901, 6.94150,
 7.40000,3707.09967,-1.66831,4921.37227, 8.21141, 2.39484,-2.29429,502.09260, 2.99475, 2.78277, 0.52276, 0.09428,-0.10356, 0.04359,-0.13407, 1.01925, 0.45760,258.97638,1765.47887,1982.18548,-1.90354,-1.12259, 6.98739,
 7.50000,3757.30195,-1.63749,4920.53078, 8.26263, 2.40549,-2.30250,502.09429, 2.99058, 2.79830, 0.50859, 0.09303,-0.08934, 0.04351,-0.13473, 1.01842, 0.45760,258.98469,1765.53447,1981.19784,-1.90332,-1.12531, 7.03157,
 7.60000,3807.50453,-1.60248,4919.69834, 8.31252, 2.41583,-2.30934,502.09531, 2.98660, 2.81246, 0.49497, 0.09207,-0.07605, 0.04343,-0.13530, 1.01763, 0.45760,258.99224,1765.58948,1980.29139,-1.90307,-1.12724, 7.07403,
 7.70000,3857.70731,-1.56322,4918.87473, 8.36112, 2.42592,-2.31495,502.09570, 2.98282, 2.82542, 0.48178, 0.09136,-0.06434, 0.04337,-0.13580, 1.01688, 0.45760,258.99908,1765.64391,1979.46454,-1.90280,-1.12852, 7.11485,
 7.80000,3907.91024,-1.51961,4918.05971, 8.40846, 2.43580,-2.31950,502.09549, 2.97927, 2.83737, 0.46891, 0.09083,-0.05471, 0.04330,-0.13624, 1.01617, 0.45760,259.00523,1765.69777,1978.71558,-1.90249,-1.12931, 7.15411,
 7.90000,3958.11325,-1.47155,4917.25309, 8.45456, 2.44551,-2.32320,502.09471, 2.97592, 2.84856, 0.45626, 0.09041,-0.04743, 0.04325,-0.13664, 1.01551, 0.45759,259.01072,1765.75108,1978.04266,-1.90214,-1.12978, 7.19196,
 8.00000,4008.31629,-1.41894,4916.45467, 8.49942, 2.45509,-2.32631,502.09337, 2.97278, 2.85922, 0.44377, 0.09002,-0.04258, 0.04319,-0.13701, 1.01489, 0.45759,259.01557,1765.80385,1977.44393,-1.90175,-1.13013, 7.22854,
 8.10000,4058.51928,-1.36165,4915.66426, 8.54306, 2.46458,-2.32905,502.09150, 2.96984, 2.86959, 0.43139, 0.08960,-0.04004, 0.04315,-0.13739, 1.01431, 0.45759,259.01981,1765.85609,1976.91750,-1.90134,-1.13051, 7.26400,
 8.20000,4108.72218,-1.29959,4914.88169, 8.58548, 2.47401,-2.33164,502.08910, 2.96707, 2.87988, 0.41911, 0.08910,-0.03953, 0.04311,-0.13777, 1.01377, 0.45759,259.02344,1765.90781,1976.46157,-1.90090,-1.13109, 7.29850,
 8.30000,4158.92492,-1.23266,4914.10681, 8.62666, 2.48339,-2.33426,502.08618, 2.96445, 2.89026, 0.40691, 0.08846,-0.04064, 0.04307,-0.13818, 1.01326, 0.45758,259.02649,1765.95902,1976.07436,-1.90046,-1.13197, 7.33217,
 8.40000,4209.12746,-1.16078,4913.33947, 8.66663, 2.49272,-2.33706,502.08276, 2.96195, 2.90086, 0.39483, 0.08766,-0.04287, 0.04304,-0.13861, 1.01277, 0.45758,259.02895,1766.00974,1975.75420,-1.90001,-1.13323, 7.36512,
 8.50000,4259.32973,-1.08386,4912.57953, 8.70538, 2.50201,-2.34012,502.07884, 2.95956, 2.91174, 0.38291, 0.08670,-0.04569, 0.04302,-0.13908, 1.01231, 0.45757,259.03084,1766.05997,1975.49949,-1.89958,-1.13491, 7.39743,
 8.60000,4309.53169,-1.00187,4911.82686, 8.74294, 2.51124,-2.34348,502.07443, 2.95726, 2.92291, 0.37119, 0.08556,-0.04857, 0.04300,-0.13957, 1.01186, 0.45757,259.03216,1766.10972,1975.30873,-1.89917,-1.13700, 7.42916,
 8.70000,4359.73328,-0.91475,4911.08134, 8.77932, 2.52039,-2.34711,502.06953, 2.95501, 2.93433, 0.35973, 0.08429,-0.05103, 0.04298,-0.14010, 1.01142, 0.45756,259.03293,1766.15900,1975.18047,-1.89880,-1.13946, 7.46034,
 8.80000,4409.93445,-0.82250,4910.34285, 8.81456, 2.52945,-2.35097,502.06415, 2.95280, 2.94594, 0.34858, 0.08289,-0.05269, 0.04297,-0.14064, 1.01098, 0.45755,259.03315,1766.20782,1975.11334,-1.89846,-1.14221, 7.49095,
 8.90000,4460.13515,-0.72510,4909.61128, 8.84870, 2.53838,-2.35496,502.05832, 2.95063, 2.95762, 0.33778, 0.08142,-0.05324, 0.04296,-0.14120, 1.01055, 0.45755,259.03284,1766.25617,1975.10598,-1.89816,-1.14516, 7.52097,
 9.00000,4510.33534,-0.62254,4908.88651, 8.88178, 2.54717,-2.35895,502.05203, 2.94848, 2.96925, 0.32739, 0.07992,-0.05251, 0.04295,-0.14176, 1.01012, 0.45754,259.03201,1766.30409,1975.15705,-1.89791,-1.14821, 7.55036,
 9.10000,4560.53496,-0.51485,4908.16843, 8.91384, 2.55579,-2.36283,502.04531, 2.94635, 2.98069, 0.31741, 0.07842,-0.05046, 0.04295,-0.14231, 1.00969, 0.45753,259.03068,1766.35155,1975.26520,-1.89769,-1.15126, 7.57907,
 9.20000,4610.73397,-0.40202,4907.45692, 8.94494, 2.56422,-2.36646,502.03817, 2.94424, 2.99182, 0.30787, 0.07696,-0.04715, 0.04295,-0.14284, 1.00926, 0.45753,259.02887,1766.39859,1975.42904,-1.89751,-1.15418, 7.60704,
 9.30000,4660.93232,-0.28407,4906.75189, 8.97512, 2.57246,-2.36972,502.03064, 2.94217, 3.00251, 0.29877, 0.07559,-0.04275, 0.04295,-0.14334, 1.00883, 0.45752,259.02661,1766.44520,1975.64713,-1.89736,-1.15691, 7.63422,
 9.40000,4711.12998,-0.16100,4906.05320, 9.00444, 2.58049,-2.37253,502.02273, 2.94012, 3.01269, 0.29008, 0.07432,-0.03751, 0.04296,-0.14381, 1.00840, 0.45751,259.02390,1766.49139,1975.91799,-1.89723,-1.15937, 7.66058,
 9.50000,4761.32690,-0.03282,4905.36075, 9.03292, 2.58831,-2.37479,502.01447, 2.93812, 3.02228, 0.28178, 0.07317,-0.03171, 0.04296,-0.14424, 1.00799, 0.45750,259.02078,1766.53717,1976.24007,-1.89711,-1.16152, 7.68609,
 9.60000,4811.52305, 0.10049,4904.67443, 9.06062, 2.59594,-2.37649,502.00587, 2.93618, 3.03127, 0.27384, 0.07215,-0.02569, 0.04297,-0.14463, 1.00757, 0.45749,259.01727,1766.58254,1976.61177,-1.89700,-1.16334, 7.71073,
 9.70000,4861.71840, 0.23892,4903.99411, 9.08757, 2.60338,-2.37760,501.99696, 2.93429, 3.03966, 0.26621, 0.07124,-0.01975, 0.04298,-0.14499, 1.00717, 0.45748,259.01338,1766.62752,1977.03144,-1.89688,-1.16484, 7.73452,
 9.80000,4911.91290, 0.38252,4903.31970, 9.11380, 2.61064,-2.37815,501.98776, 2.93247, 3.04748, 0.25884, 0.07044,-0.01419, 0.04299,-0.14531, 1.00679, 0.45747,259.00915,1766.67211,1977.49737,-1.89675,-1.16603, 7.75746,
 9.90000,4962.10653, 0.53131,4902.65107, 9.13932, 2.61774,-2.37819,501.97829, 2.93072, 3.05478, 0.25171, 0.06973,-0.00924, 0.04301,-0.14560, 1.00641, 0.45746,259.00460,1766.71632,1978.00788,-1.89661,-1.16698, 7.77961,
10.00000,5012.29926, 0.68531,4901.98813, 9.16416, 2.62471,-2.37779,501.96855, 2.92905, 3.06166, 0.24475, 0.06909,-0.00508, 0.04303,-0.14586, 1.00605, 0.45745,258.99973,1766.76015,1978.56123,-1.89645,-1.16773, 7.80102,
10.10000,5062.49090, 0.84441,4901.32957, 9.18820, 2.64586,-2.37511,501.95474, 2.94486, 3.06865, 0.23590, 0.43087,-0.01428, 0.04112,-0.14549, 1.00035, 0.45744,258.99061,1766.80370,1979.16989,-2.45364,-1.17180, 7.88286,
10.20000,5112.68098, 1.00892,4900.67534, 9.21247, 2.71296,-2.36821,501.93682, 3.00178, 3.07954, 0.24509, 0.90892,-0.07823, 0.04217,-0.14314, 1.02384, 0.45742,258.97723,1766.84695,1979.87345,-2.48427,-1.14841, 8.16258,
10.30000,5162.86915, 1.18083,4900.03237, 9.23778, 2.82642,-2.36511,501.91390, 3.09358, 3.10292, 0.25743, 1.33016,-0.24357, 0.04378,-0.14029, 1.05501, 0.45740,258.95860,1766.88947,1980.70287,-2.49207,-1.11400, 8.58689,
10.40000,5213.05491, 1.36278,4899.41035, 9.26313, 2.98191,-2.37780,501.88341, 3.21189, 3.14980, 0.26017, 1.68802,-0.52548, 0.04574,-0.13861, 1.09104, 0.45737,258.93199,1766.93060,1981.70597,-2.50185,-1.08959, 9.09456,
10.50000,5263.23746, 1.55731,4898.82060, 9.28645, 3.17507,-2.41830,501.84260, 3.34907, 3.23060, 0.24694, 1.98426,-0.91033, 0.04802,-0.13945, 1.13028, 0.45733,258.89448,1766.96960,1982.95154,-2.51393,-1.09170, 9.64512,
10.60000,5313.41575, 1.76635,4898.27560, 9.30527, 3.40139,-2.49623,501.78872, 3.49830, 3.35285, 0.21630, 2.22177,-1.36460, 0.05055,-0.14368, 1.17132, 0.45728,258.84315,1767.00563,1984.52798,-2.52795,-1.13197,10.21233,
10.70000,5363.58841, 1.99087,4897.78856, 9.31726, 3.65604,-2.61724,501.71912, 3.65361, 3.51981, 0.17042, 2.40448,-1.84303, 0.05328,-0.15172, 1.21289, 0.45722,258.77514,1767.03784,1986.54112,-2.54401,-1.21689,10.77849,
10.80000,5413.75380, 2.23064,4897.37307, 9.32061, 3.93384,-2.78215,501.63125, 3.80990, 3.72987, 0.11401, 2.53747,-2.29595, 0.05615,-0.16353, 1.25389, 0.45714,258.68775,1767.06532,1989.11149,-2.56253,-1.34769,11.33107,
10.90000,5463.90994, 2.48420,4897.04271, 9.31441, 4.22937,-2.98689,501.52281, 3.96298, 3.97664, 0.05335, 2.62698,-2.67571, 0.05908,-0.17862, 1.29338, 0.45704,258.57849,1767.08716,1992.37123,-2.58405,-1.52043,11.86078,
11.00000,5514.05464, 2.74890,4896.81059, 9.29857, 4.53711,-3.22277,501.39231, 4.11032, 4.24948,-0.00910, 2.68105,-2.93847, 0.06206,-0.19597, 1.32654, 0.45692,258.44576,1767.10251,1996.45893,-2.60756,-1.73288,12.36636,
11.10000,5564.18550, 3.02110,4896.68827, 9.27409, 4.85179,-3.47710,501.23909, 4.25067, 4.53438,-0.06176, 2.70811,-3.05478, 0.06504,-0.21421, 1.35665, 0.45678,258.28877,1767.11060,2001.50865,-2.63234,-1.96701,12.84866,
11.20000,5614.30000, 3.29660,4896.68621, 9.24340, 5.16863,-3.73534,501.06240, 4.38254, 4.81620,-0.09796, 2.71549,-3.01760, 0.06795,-0.23212, 1.38402, 0.45662,258.10673,1767.11074,2007.64908,-2.65863,-2.20524,13.30023,
11.30000,5664.39550, 3.57119,4896.81398, 9.20961, 5.48357,-3.98284,500.86214, 4.50509, 5.08034,-0.11514, 2.70994,-2.83417, 0.07076,-0.24857, 1.40875, 0.45644,257.89946,1767.10229,2015.00075,-2.68593,-2.43289,13.71545,
11.40000,5714.46928, 3.84093,4897.08020, 9.17613, 5.79345,-4.20615,500.63880, 4.61797, 5.31397,-0.11273, 2.69719,-2.52451, 0.07344,-0.26261, 1.43102, 0.45623,257.66744,1767.08468,2023.67088,-2.71353,-2.63650,14.09029,
11.50000,5764.51867, 4.10252,4897.49261, 9.14629, 6.09604,-4.39419,500.39347, 4.72121, 5.50714,-0.09212, 2.68166,-2.11876, 0.07598,-0.27354, 1.45110, 0.45601,257.41177,1767.05741,2033.74877,-2.74060,-2.80520,14.42204,
11.60000,5814.54105, 4.35356,4898.05805, 9.12300, 6.39003,-4.53915,500.12774, 4.81515, 5.65345,-0.05645, 2.66637,-1.65358, 0.07837,-0.28095, 1.46924, 0.45577,257.13407,1767.02002,2045.30232,-2.76628,-2.93166,14.70906,
11.70000,5864.53391, 4.59269,4898.78257, 9.10850, 6.67498,-4.63696,499.84349, 4.90035, 5.75040,-0.01013, 2.65301,-1.16814, 0.08061,-0.28477, 1.48569, 0.45551,256.83626,1766.97211,2058.37631,-2.78977,-3.01267,14.95062,
11.80000,5914.49490, 4.81965,4899.67150, 9.10409, 6.95111,-4.68737,499.54273, 4.97745, 5.79930, 0.04175, 2.64206,-0.70015, 0.08272,-0.28520, 1.50067, 0.45524,256.52040,1766.91333,2072.99256,-2.81040,-3.04914,15.14692,
11.90000,5964.42182, 5.03523,4900.72953, 9.11017, 7.21919,-4.69363,499.22735, 5.04706, 5.80475, 0.09491, 2.63212,-0.28135, 0.08474,-0.28297, 1.51478, 0.45495,256.18842,1766.84337,2089.15207,-2.83018,-3.04435,15.29950,
12.00000,6014.31260, 5.24106,4901.96090, 9.12629, 7.48017,-4.66173,498.89893, 5.10956, 5.77378, 0.14452, 2.62187, 0.06528, 0.08666,-0.27849, 1.52763, 0.45466,255.84197,1766.76195,2106.83937,-2.84967,-3.00534,15.41087,
12.10000,6064.16527, 5.43950,4903.36935, 9.15111, 7.73530,-4.59971,498.55895, 5.16555, 5.71523, 0.18597, 2.61098, 0.32223, 0.08851,-0.27236, 1.53913, 0.45435,255.48255,1766.66883,2126.02577,-2.86489,-2.94243,15.48330,
12.20000,6113.97799, 5.63339,4904.95812, 9.18267, 7.98590,-4.51696,498.20852, 5.21557, 5.63893, 0.21676, 2.59769, 0.48158, 0.09030,-0.26536, 1.54930, 0.45403,255.11131,1766.56379,2146.67300,-2.87557,-2.86563,15.52033,
12.30000,6163.74899, 5.82583,4906.72995, 9.21862, 8.23318,-4.42319,497.84843, 5.25998, 5.55470, 0.23565, 2.58017, 0.54488, 0.09206,-0.25823, 1.55810, 0.45371,254.72906,1766.44665,2168.73741,-2.88189,-2.78486,15.52641,
12.40000,6213.47653, 6.01991,4908.68714, 9.25652, 8.47808,-4.32763,497.47917, 5.29899, 5.47149, 0.24263, 2.55683, 0.52208, 0.09380,-0.25164, 1.56546, 0.45337,254.33633,1766.31726,2192.17348,-2.88424,-2.70905,15.50657,
12.50000,6263.15893, 6.21848,4910.83157, 9.29404, 8.72123,-4.23820,497.10107, 5.33265, 5.39671, 0.23882, 2.52651, 0.42967, 0.09552,-0.24608, 1.57129, 0.45303,253.93344,1766.17551,2216.93624,-2.88313,-2.64530,15.46616,
12.60000,6312.79451, 6.42399,4913.16467, 9.32923, 8.96289,-4.16095,496.71429, 5.36095, 5.33571, 0.22626, 2.48860, 0.28845, 0.09723,-0.24191, 1.57551, 0.45268,253.52061,1766.02129,2242.98274,-2.87918,-2.59848,15.41044,
12.70000,6362.38162, 6.63837,4915.68741, 9.36060, 9.20292,-4.09981,496.31900, 5.38380, 5.29161, 0.20753, 2.44312, 0.12102, 0.09893,-0.23926, 1.57805, 0.45233,253.09802,1765.85456,2270.27254,-2.87304,-2.57095,15.34433,
12.80000,6411.91864, 6.86293,4918.40034, 9.38729, 9.44087,-4.05644,495.91539, 5.40112, 5.26527, 0.18546, 2.39067,-0.05052, 0.10062,-0.23810, 1.57890, 0.45196,252.66587,1765.67526,2298.76748,-2.86535,-2.56268,15.27216,
12.90000,6461.40398, 7.09841,4921.30353, 9.40901, 9.67603,-4.03039,495.50369, 5.41290, 5.25552, 0.16277, 2.33236,-0.20668, 0.10228,-0.23826, 1.57808, 0.45159,252.22446,1765.48341,2328.43101,-2.85671,-2.57151,15.19753,
13.00000,6510.83612, 7.34499,4924.39661, 9.42608, 9.90752,-4.01945,495.08428, 5.41918, 5.25956, 0.14181, 2.26971,-0.33209, 0.10390,-0.23943, 1.57565, 0.45122,251.77418,1765.27903,2359.22712,-2.84759,-2.59367,15.12322,
13.10000,6560.21361, 7.60244,4927.67873, 9.43924,10.13441,-4.02009,494.65762, 5.42013, 5.27349, 0.12437, 2.20447,-0.41657, 0.10550,-0.24124, 1.57172, 0.45083,251.31554,1765.06217,2391.11932,-2.83838,-2.62431,15.05114,
13.20000,6609.53510, 7.87019,4931.14864, 9.44959,10.35583,-4.02797,494.22430, 5.41603, 5.29278, 0.11154, 2.13843,-0.45544, 0.10705,-0.24331, 1.56646, 0.45044,250.84919,1764.83294,2424.06949,-2.82929,-2.65819,14.98241,
13.30000,6658.79933, 8.14752,4934.80466, 9.45839,10.57103,-4.03853,493.78503, 5.40725, 5.31289, 0.10372, 2.07328,-0.44927, 0.10857,-0.24525, 1.56003, 0.45005,250.37587,1764.59143,2458.03702,-2.82042,-2.69025,14.91737,
13.40000,6708.00517, 8.43362,4938.64478, 9.46692,10.77947,-4.04747,493.34058, 5.39428, 5.32969, 0.10065, 2.01048,-0.40323, 0.11005,-0.24676, 1.55265, 0.44965,249.89642,1764.33779,2492.97805,-2.81173,-2.71614,14.85570,
13.50000,6757.15163, 8.72781,4942.66663, 9.47631,10.98086,-4.05111,492.89179, 5.37766, 5.33986, 0.10152, 1.95115,-0.32586, 0.11149,-0.24759, 1.54450, 0.44925,249.41172,1764.07218,2528.84515,-2.80310,-2.73260,14.79655,
