
time,npos,epos,alt,phi,theta,psi,vel,alpha,beta,p,q,r,nx,ny,nz,mach,qbar,ps,thrust,ele,ail,rud

 0.00000, 0.00000, 0.00000,10000.00000, 0.00000, 3.59734, 0.00000,500.00000, 3.59734, 0.00000, 0.00000, 0.00000, 0.00000,2080.91822,-2.25196,-0.00000,-0.00000, 0.00000, 0.00000,2080.91822,-2.25196,-0.00000,-0.00000,
 0.10000, 0.00000, 0.00000,10000.00000, 0.00000, 3.59734, 0.00000,500.00000, 3.59734, 0.00000, 0.00000, 0.00000, 0.00000,2080.91822,-2.25196,-0.00000,-0.00000, 0.00000, 0.00000,2080.91822,-2.25196,-0.00000,-0.00000,
 0.20000, 0.00000, 0.00000,10000.00000, 0.00000, 3.59734, 0.00000,500.00000, 3.59734, 0.00000, 0.00000, 0.00000, 0.00000,2080.91822,-2.25196,-0.00000,-0.00000, 0.00000, 0.00000,2080.91822,-2.25196,-0.00000,-0.00000,
 0.30000, 0.00000, 0.00000,10000.00000, 0.00000, 3.59734, 0.00000,500.00000, 3.59734, 0.00000, 0.00000, 0.00000, 0.00000,2080.91822,-2.25196,-0.00000,-0.00000, 0.00000, 0.00000,2080.91822,-2.25196,-0.00000,-0.00000,
 0.40000, 0.00000, 0.00000,10000.00000, 0.00000, 3.59734, 0.00000,500.00000, 3.59734, 0.00000, 0.00000, 0.00000, 0.00000,2080.91822,-2.25196,-0.00000,-0.00000, 0.00000, 0.00000,2080.91822,-2.25196,-0.00000,-0.00000,
 0.50000, 0.00000, 0.00000,10000.00000, 0.00000, 3.59734, 0.00000,500.00000, 3.59734, 0.00000, 0.00000, 0.00000, 0.00000,2080.91822,-2.25196,-0.00000,-0.00000, 0.00000, 0.00000,2080.91822,-2.25196,-0.00000,-0.00000,
 0.60000, 0.00000, 0.00000,10000.00000, 0.00000, 3.59734, 0.00000,500.00000, 3.59734, 0.00000, 0.00000, 0.00000, 0.00000,2080.91822,-2.25196,-0.00000,-0.00000, 0.00000, 0.00000,2080.91822,-2.25196,-0.00000,-0.00000,
 0.70000, 0.00000, 0.00000,10000.00000, 0.00000, 3.59734, 0.00000,500.00000, 3.59734, 0.00000, 0.00000, 0.00000, 0.00000,2080.91822,-2.25196,-0.00000,-0.00000, 0.00000, 0.00000,2080.91822,-2.25196,-0.00000,-0.00000,
 0.80000, 0.00000, 0.00000,10000.00000, 0.00000, 3.59734, 0.00000,500.00000, 3.59734, 0.00000, 0.00000, 0.00000, 0.00000,2080.91822,-2.25196,-0.00000,-0.00000, 0.00000, 0.00000,2080.91822,-2.25196,-0.00000,-0.00000,
 0.90000, 0.00000, 0.00000,10000.00000, 0.00000, 3.59734, 0.00000,500.00000, 3.59734, 0.00000, 0.00000, 0.00000, 0.00000,2080.91822,-2.25196,-0.00000,-0.00000, 0.00000, 0.00000,2080.91822,-2.25196,-0.00000,-0.00000,
 1.00000, 0.00000, 0.00000,10000.00000, 0.00000, 3.59734, 0.00000,500.00000, 3.59734, 0.00000, 0.00000, 0.00000, 0.00000,2080.91824,-2.25193, 0.00013,-0.00000, 0.00000, 0.00000,2080.91822,-0.25196,-2.00000, 2.00000,
 1.10000, 0.00047, 0.00087,10000.00273, 0.14107, 3.56491,-0.00636,500.01278, 3.55772, 0.01789, 3.59488,-0.83925,-0.16546,2080.92538,-2.24267, 0.01805, 0.00001, 0.01121,-0.00015,2080.91822,-0.25196,-2.00000, 2.00000,
 1.20000, 0.00302, 0.00545,10000.00981, 0.74590, 3.41741,-0.03561,500.04049, 3.41140, 0.09066, 8.41512,-2.11177,-0.41646,2080.92397,-2.24613,-0.03080, 0.00004, 0.03552,-0.00055,2080.91822,-0.25196,-2.00000, 2.00000,
 1.30000, 0.00910, 0.01617,10000.00650, 1.78156, 3.14582,-0.08812,500.08422, 3.16387, 0.21683,12.15903,-3.29578,-0.61862,2080.92055,-2.25422,-0.10330, 0.00008, 0.07398,-0.00037,2080.91822,-0.25196,-2.00000, 2.00000,
 1.40000, 0.02060, 0.03623,9999.96970, 3.13079, 2.76353,-0.15636,500.14992, 2.83515, 0.38262,14.72849,-4.32286,-0.72513,2080.91620,-2.26492,-0.18980, 0.00014, 0.13197, 0.00171,2080.91822,-0.25196,-2.00000, 2.00000,
 1.50000, 0.04001, 0.06972,9999.87167, 4.68519, 2.28666,-0.22943,500.24328, 2.44561, 0.57126,16.30220,-5.18787,-0.71240,2080.91125,-2.27706,-0.28548, 0.00023, 0.21470, 0.00726,2080.91822,-0.25196,-2.00000,-2.00000,
 1.60000, 0.07034, 0.11896,9999.68168, 6.32555, 1.73117,-0.26772,500.36909, 2.01386, 0.72898,16.27669,-5.89663, 0.13146,2080.90593,-2.31779,-0.38657, 0.00034, 0.32658, 0.01800,2080.91822,-0.25196,-2.00000,-2.00000,
 1.70000, 0.11504, 0.18329,9999.36726, 7.92370, 1.11224,-0.18832,500.53118, 1.55650, 0.76998,15.58415,-6.45837, 1.47309,2080.90042,-2.32258,-0.48984, 0.00049, 0.47121, 0.03577,2080.91822,-0.25196,-2.00000,-2.00000,
 1.80000, 0.17788, 0.26959,9998.89520, 9.46877, 0.44402, 0.02714,500.73250, 1.08796, 0.68235,15.11411,-6.88427, 2.81225,2080.89487,-2.31542,-0.59258, 0.00068, 0.65140, 0.06246,2080.91822,-0.25196,-2.00000,-2.00000,
 1.90000, 0.26292, 0.38873,9998.23246,10.99829,-0.26050, 0.37049,500.97519, 0.62059, 0.47981,15.14064,-7.18677, 4.01065,2080.88940,-2.30058,-0.69251, 0.00090, 0.86925, 0.09993,2080.91822,-0.25196,-2.00000,-2.00000,
 2.00000, 0.37435, 0.55404,9997.34690,12.56721,-0.98966, 0.82361,501.26064, 0.16467, 0.18647,15.77403,-7.37905, 4.99323,2080.88413,-2.28010,-0.78777, 0.00117, 1.12623, 0.14999,2080.91822,-0.25196,-2.00000,-0.00000,
 2.10000, 0.51650, 0.78210,9996.20786,14.25140,-1.73309, 1.34873,501.58963,-0.27143,-0.14932,17.43195,-7.47464, 5.36083,2080.87914,-2.24190,-0.87695, 0.00147, 1.42321, 0.21439,2080.91822,-0.25196,-2.00000,-0.00000,
 2.20000, 0.69373, 1.09301,9994.78662,16.13854,-2.48181, 1.88299,501.96235,-0.68120,-0.45971,19.68440,-7.48704, 5.25500,2080.87449,-2.21988,-0.95895, 0.00181, 1.76056, 0.29474,2080.91822,-0.25196,-2.00000,-0.00000,
 2.30000, 0.91042, 1.50464,9993.05680,18.25770,-3.22817, 2.39424,502.37853,-1.05974,-0.71271,22.05669,-7.42942, 4.91941,2080.87022,-2.20375,-1.03307, 0.00220, 2.13824, 0.39254,2080.91822,-0.25196,-2.00000,-0.00000,
 2.40000, 1.17086, 2.03407,9990.99450,20.60816,-3.96578, 2.86385,502.83750,-1.40372,-0.89023,24.33220,-7.31439, 4.43485,2080.86638,-2.19296,-1.09885, 0.00262, 2.55582, 0.50913,2080.91822,-0.25196,-2.00000,-0.00000,
 2.50000, 1.47931, 2.69793,9988.57853,23.17089,-4.68953, 3.28017,503.33831,-1.71108,-0.98241,26.34381,-7.15378, 3.86666,2080.86297,-2.18784,-1.15613, 0.00308, 3.01260, 0.64571,2080.91822,-0.25196,-2.00000,-0.00000,
 2.60000, 1.83988, 3.51220,9985.79043,25.91219,-5.39539, 3.63807,503.87972,-1.98098,-0.98707,27.95738,-6.95853, 3.27939,2080.85999,-2.18840,-1.20494, 0.00358, 3.50762, 0.80334,2080.91822,-0.25196,-2.00000,-0.00000,
 2.70000, 2.25656, 4.49207,9982.61447,28.78719,-6.08041, 3.93876,504.46035,-2.21355,-0.90927,29.07746,-6.73854, 2.73426,2080.85745,-2.19422,-1.24551, 0.00411, 4.03978, 0.98289,2080.91822,-0.25196,-2.00000,-0.00000,
 2.80000, 2.73321, 5.65178,9979.03755,31.74405,-6.74257, 4.18921,505.07868,-2.40973,-0.76034,29.65265,-6.50269, 2.28478,2080.85531,-2.20449,-1.27821, 0.00468, 4.60783, 1.18511,2080.91822,-0.25196,-2.00000,-0.00000,
 2.90000, 3.27350, 7.00458,9975.04912,34.72833,-7.38068, 4.40123,505.73314,-2.57115,-0.55659,29.67713,-6.25873, 1.97297,2080.85356,-2.21809,-1.30353, 0.00528, 5.21047, 1.41060,2080.91822,-0.25196,-2.00000,-0.00000,
 3.00000, 3.88099, 8.56285,9970.64100,37.68748,-7.99427, 4.59014,506.42212,-2.69998,-0.31762,29.18850,-6.01334, 1.82685,2080.85212,-2.23369,-1.32230, 0.00591, 5.84634, 1.65982,2080.91822,-4.25196, 2.00000,-0.00000,
 3.10000, 4.55808,10.33892,9965.80173,40.32325,-8.51862, 4.75891,507.11850,-2.71951,-0.06386,21.88037,-4.09362, 1.48694,2080.83678,-2.24001,-1.37048, 0.00655, 6.49167, 1.93340,2080.91822,-4.25196, 2.00000,-0.00000,
 3.20000, 5.30480,12.34417,9960.52408,42.01248,-8.78913, 4.88827,507.81641,-2.49840, 0.17932,11.86236,-1.31614, 1.12000,2080.83883,-2.25524,-1.27961, 0.00719, 7.14136, 2.23178,2080.91822,-4.25196, 2.00000,-0.00000,
 3.30000, 6.12130,14.58341,9954.83528,42.75653,-8.78880, 4.98926,508.51224,-2.05058, 0.39377, 3.15766, 1.27193, 0.92568,2080.84516,-2.26954,-1.13662, 0.00783, 7.79206, 2.55339,2080.91822,-4.25196, 2.00000,-0.00000,
 3.40000, 7.00673,17.05632,9948.78089,42.70745,-8.54580, 5.07931,509.19271,-1.41917, 0.56677,-4.01073, 3.53098, 0.89619,2080.85358,-2.28101,-0.96148, 0.00845, 8.43176, 2.89568,2080.91822,-4.25196, 2.00000,-0.00000,
 3.50000, 7.95891,19.75903,9942.41704,42.01074,-8.09400, 5.17305,509.84517,-0.64789, 0.68936,-9.83356, 5.44878, 0.99230,2080.86337,-2.28899,-0.76450, 0.00904, 9.04898, 3.25546,2080.91822,-4.25196, 2.00000,-0.00000,
 3.60000, 8.97447,22.68513,9935.80697,40.79205,-7.46708, 5.28085,510.45891, 0.22302, 0.75668,-14.49489, 7.03570, 1.16890,2080.87406,-2.29325,-0.55384, 0.00960, 9.63386, 3.62916,2080.91822,-4.25196, 2.00000,-0.00000,
 3.70000,10.04911,25.82646,9929.01834,39.16041,-6.69730, 5.40847,511.02523, 1.15761, 0.76817,-18.13894, 8.30962, 1.38078,2080.88526,-2.29382,-0.33652, 0.01011,10.17830, 4.01296,2080.91822,-4.25196, 2.00000,-0.00000,
 3.80000,11.17771,29.17374,9922.12100,37.21160,-5.81485, 5.55731,511.53733, 2.12435, 0.72742,-20.88290, 9.29280, 1.58589,2080.89664,-2.29099,-0.11855, 0.01058,10.67582, 4.40290,2080.91822,-4.25196, 2.00000,-0.00000,
 3.90000,12.35459,32.71698,9915.18505,35.03021,-4.84759, 5.72482,511.99015, 3.09611, 0.64171,-22.83097,10.01049, 1.74781,2080.90790,-2.28530, 0.09502, 0.01099,11.12152, 4.79502,2080.91822,-4.25196, 2.00000,-0.00000,
 4.00000,13.57365,36.44580,9908.27916,32.69040,-3.82070, 5.90516,512.38023, 4.05010, 0.52119,-24.08422,10.48979, 1.83788,2080.91882,-2.27746, 0.30008, 0.01134,11.51186, 5.18545,2080.91822,-4.25196, 2.00000,-0.00000,
 4.10000,14.82848,40.34961,9901.46933,30.25599,-2.75664, 6.09006,512.70548, 4.96765, 0.37796,-24.74624,10.75880, 1.83658,2080.92920,-2.26827, 0.49337, 0.01163,11.84456, 5.57044,2080.91822,-4.25196, 2.00000,-0.00000,
 4.20000,16.11255,44.41775,9894.81776,27.78014,-1.67501, 6.26981,512.96505, 5.83396, 0.22501,-24.92510,10.84577, 1.73413,2080.93889,-2.25859, 0.67242, 0.01186,12.11845, 5.94649,2080.91822,-4.25196, 2.00000,-0.00000,
 4.30000,17.41930,48.63942,9888.38210,25.30495,-0.59263, 6.43418,513.15912, 6.63782, 0.07508,-24.73247,10.77845, 1.53044,2080.94780,-2.24926, 0.83550, 0.01203,12.33328, 6.31033,2080.91822,-4.25196, 2.00000,-0.00000,
 4.40000,18.74223,53.00378,9882.21485,22.86133, 0.47643, 6.57340,513.28874, 7.37127,-0.06026,-24.28069,10.58356, 1.23421,2080.95584,-2.24099, 0.98151, 0.01213,12.48962, 6.65900,2080.91822,-4.25196, 2.00000,-0.00000,
 4.50000,20.07496,57.49977,9876.36306,20.46917, 1.52068, 6.67895,513.35565, 8.02924,-0.17147,-23.67853,10.28633, 0.86155,2080.96298,-2.23439, 1.10992, 0.01219,12.58869, 6.98983,2080.91822,-4.25196, 2.00000,-0.00000,
 4.60000,21.41134,62.11610,9870.86811,18.13799, 2.53107, 6.74421,513.36216, 8.60920,-0.25169,-23.02646, 9.91017, 0.43399,2080.96921,-2.22987, 1.22067, 0.01218,12.63221, 7.30049,2080.91822,-4.25196, 2.00000,-0.00000,
 4.70000,22.74547,66.84116,9865.76568,15.86800, 3.50080, 6.76492,513.31098, 9.11081,-0.29702,-22.41202, 9.47648,-0.02364,2080.97453,-2.22764, 1.31414, 0.01213,12.62232, 7.58896,2080.91822,-4.25196, 2.00000,-0.00000,
 4.80000,24.07172,71.66294,9861.08592,13.65164, 4.42509, 6.73934,513.20510, 9.53556,-0.30672,-21.90595, 9.00442,-0.48555,2080.97898,-2.22772, 1.39100, 0.01202,12.56145, 7.85353,2080.91822,-4.25196, 2.00000,-0.00000,
 4.90000,25.38477,76.56899,9856.85362,11.47541, 5.30097, 6.66830,513.04767, 9.88643,-0.28296,-21.55935, 8.51092,-0.92717,2080.98259,-2.22992, 1.45220, 0.01187,12.45219, 8.09280,2080.91822,-4.25196, 2.00000,-0.00000,
 5.00000,26.67964,81.54641,9853.08855, 9.32186, 6.12704, 6.55493,512.84192,10.16762,-0.23051,-21.40227, 8.01060,-1.32712,2080.98545,-2.23393, 1.49903, 0.01167,12.29726, 8.30566,2080.91822,-2.25196,-0.00000,-0.00000,
 5.10000,27.95212,86.58146,9849.80851, 7.29750, 6.87084, 6.41150,512.60384,10.34457,-0.15645,-18.25294, 6.67660,-1.48261,2080.99472,-2.24423, 1.55042, 0.01144,12.11058, 8.49110,2080.91822,-2.25196,-0.00000,-0.00000,
 5.20000,29.19948,91.66017,9847.02596, 5.67599, 7.45082, 6.26301,512.33874,10.35593,-0.06660,-14.10348, 4.92514,-1.46741,2080.99479,-2.25052, 1.52320, 0.01119,11.89672, 8.64841,2080.91822,-2.25196,-0.00000,-0.00000,
 5.30000,30.41910,96.77135,9844.73318, 4.42643, 7.85994, 6.11962,512.05068,10.21328, 0.03007,-10.87662, 3.28620,-1.38500,2080.99229,-2.25656, 1.46190, 0.01092,11.65931, 8.77803,2080.91822,-2.25196,-0.00000,-0.00000,
 5.40000,31.60914,101.90598,9842.91070, 3.45229, 8.11434, 5.98731,511.74842, 9.94301, 0.12367,-8.57816, 1.83450,-1.24723,2080.98837,-2.26227, 1.37758, 0.01064,11.40620, 8.88106,2080.91822,-2.25196,-0.00000,-0.00000,
 5.50000,32.76859,107.05676,9841.53153, 2.67122, 8.23342, 5.87133,511.44027, 9.57179, 0.20548,-7.00022, 0.57976,-1.06024,2080.98343,-2.26717, 1.27646, 0.01035,11.14485, 8.95904,2080.91822,-2.25196,-0.00000,-0.00000,
 5.60000,33.89724,112.21771,9840.56325, 2.02174, 8.23677, 5.77614,511.13335, 9.12448, 0.26861,-5.94125,-0.48078,-0.83448,2080.97777,-2.27083, 1.16365, 0.01006,10.88176, 9.01378,2080.91822,-2.25196,-0.00000,-0.00000,
 5.70000,34.99550,117.38401,9839.96963, 1.46093, 8.14349, 5.70492,510.83362, 8.62364, 0.30839,-5.23142,-1.35469,-0.58443,2080.97163,-2.27296, 1.04360, 0.00978,10.62241, 9.04734,2080.91822,-2.25196,-0.00000,-0.00000,
 5.80000,36.06436,122.55181,9839.71211, 0.96109, 7.97170, 5.65927,510.54587, 8.08934, 0.32255,-4.73346,-2.05264,-0.32698,2080.96524,-2.27344, 0.92023, 0.00951,10.37128, 9.06190,2080.91822,-2.25196,-0.00000,-0.00000,
 5.90000,37.10520,127.71816,9839.75103, 0.50662, 7.73839, 5.63906,510.27383, 7.53915, 0.31118,-4.34079,-2.58757,-0.07957,2080.95877,-2.27230, 0.79686, 0.00926,10.13192, 9.05970,2080.91822,-2.25196,-0.00000,-0.00000,
 6.00000,38.11974,132.88085,9840.04672, 0.09100, 7.45914, 5.64245,510.02027, 6.98813, 0.27655,-3.97543,-2.97399, 0.14150,2080.95239,-2.26971, 0.67628, 0.00903, 9.90703, 9.04298,2080.91822,-2.25196,-0.00000,-0.00000,
 6.10000,39.10993,138.03840,9840.56040,-0.28593, 7.14803, 5.66607,509.78704, 6.44889, 0.22275,-3.58562,-3.22740, 0.32250,2080.94623,-2.26594, 0.56077, 0.00881, 9.69851, 9.01394,2080.91822,-2.25196,-0.00000,-0.00000,
 6.20000,40.07787,143.18988,9841.25489,-0.62039, 6.81756, 5.70539,509.57524, 5.93173, 0.15518,-3.14300,-3.36378, 0.45335,2080.94039,-2.26137, 0.45211, 0.00861, 9.50758, 8.97468,2080.91822,-2.25196,-0.00000,-0.00000,
 6.30000,41.02571,148.33490,9842.09523,-0.90689, 6.47864, 5.75505,509.38529, 5.44475, 0.08006,-2.63927,-3.39916, 0.52831,2080.93496,-2.25640, 0.35164, 0.00844, 9.33486, 8.92717,2080.91822,-2.25196,-0.00000,-0.00000,
 6.40000,41.95565,153.47343,9843.04906,-1.13994, 6.14057, 5.80935,509.21703, 4.99406, 0.00382,-2.08235,-3.34925, 0.54621,2080.92998,-2.25144, 0.26029, 0.00828, 9.18041, 8.87324,2080.91822,-2.25196,-0.00000,-0.00000,
 6.50000,42.86982,158.60576,9844.08698,-1.31549, 5.81113, 5.86271,509.06982, 4.58395,-0.06742,-1.49225,-3.22909, 0.51037,2080.92550,-2.24689, 0.17864, 0.00815, 9.04389, 8.81456,2080.91822,-2.25196,-0.00000,-0.00000,
 6.60000,43.77028,163.73236,9845.18267,-1.43188, 5.49662, 5.91007,508.94263, 4.21708,-0.12833,-0.89671,-3.05290, 0.42797,2080.92154,-2.24307, 0.10696, 0.00803, 8.92457, 8.75262,2080.91822,-2.25196,-0.00000,-0.00000,
 6.70000,44.65897,168.85379,9846.31304,-1.49039, 5.20198, 5.94726,508.83415, 3.89470,-0.17478,-0.32703,-2.83382, 0.30937,2080.91810,-2.24024, 0.04523, 0.00793, 8.82145, 8.68871,2080.91822,-2.25196,-0.00000,-0.00000,
 6.80000,45.53768,173.97064,9847.45819,-1.49535, 4.93089, 5.97127,508.74283, 3.61687,-0.20405, 0.18587,-2.58381, 0.16700,2080.91517,-2.23856,-0.00677, 0.00785, 8.73331, 8.62397,2080.91822,-2.25196,-0.00000,-0.00000,
 6.90000,46.40805,179.08340,9848.60135,-1.45394, 4.68589, 5.98038,508.66697, 3.38259,-0.21499, 0.61476,-2.31360, 0.01427,2080.91275,-2.23808,-0.04947, 0.00778, 8.65877, 8.55934,2080.91822,-2.25196,-0.00000,-0.00000,
 7.00000,47.27153,184.19247,9849.72876,-1.37571, 4.46852, 5.97423,508.60480, 3.19008,-0.20800, 0.93875,-2.03262,-0.13554,2080.91079,-2.23875,-0.08340, 0.00773, 8.59638, 8.49560,2080.91822,-2.25196,-0.00000,-0.00000,
 7.10000,48.12941,189.29807,9850.82945,-1.27180, 4.27945, 5.95372,508.55451, 3.03688,-0.18490, 1.14503,-1.74899,-0.27035,2080.90928,-2.24044,-0.10925, 0.00768, 8.54461, 8.43338,2080.91822,-2.25196,-0.00000,-0.00000,
 7.20000,48.98277,194.40023,9851.89508,-1.15412, 4.11858, 5.92089,508.51430, 2.92005,-0.14866, 1.22977,-1.46958,-0.38017,2080.90817,-2.24294,-0.12774, 0.00765, 8.50193, 8.37313,2080.91822,-2.25196,-0.00000,-0.00000,
 7.30000,49.83255,199.49881,9852.91966,-1.03445, 3.98521, 5.87862,508.48242, 2.83630,-0.10314, 1.19814,-1.20004,-0.45773,2080.90742,-2.24599,-0.13967, 0.00762, 8.46687, 8.31521,2080.91822,-2.25196,-0.00000,-0.00000,
 7.40000,50.67948,204.59351,9853.89933,-0.92361, 3.87810, 5.83038,508.45722, 2.78214,-0.05263, 1.06352,-0.94487,-0.49888,2080.90699,-2.24931,-0.14583, 0.00760, 8.43798, 8.25982,2080.91822,-2.25196,-0.00000,-0.00000,
 7.50000,51.52416,209.68387,9854.83208,-0.83071, 3.79564, 5.77990,508.43713, 2.75396,-0.00157, 0.84602,-0.70751,-0.50271,2080.90683,-2.25262,-0.14704, 0.00758, 8.41391, 8.20709,2080.91822,-2.25196,-0.00000,-0.00000,
 7.60000,52.36703,214.76936,9855.71750,-0.76259, 3.73592, 5.73082,508.42074, 2.74818, 0.04587, 0.57059,-0.49044,-0.47141,2080.90692,-2.25563,-0.14407, 0.00757, 8.39342, 8.15703,2080.91822,-2.25196,-0.00000,-0.00000,
 7.70000,53.20839,219.84940,9856.55652,-0.72347, 3.69682, 5.68644,508.40675, 2.76127, 0.08611, 0.26473,-0.29528,-0.40987,2080.90720,-2.25814,-0.13769, 0.00756, 8.37535, 8.10960,2080.91822,-2.25196,-0.00000,-0.00000,
 7.80000,54.04842,224.92340,9857.35118,-0.71483, 3.67610, 5.64946,508.39402, 2.78987, 0.11640,-0.04375,-0.12287,-0.32508,2080.90763,-2.25996,-0.12858, 0.00755, 8.35869, 8.06467,2080.91822,-2.25196,-0.00000,-0.00000,
 7.90000,54.88720,229.99083,9858.10439,-0.73549, 3.67148, 5.62179,508.38154, 2.83080, 0.13496,-0.32898, 0.02658,-0.22543,2080.90819,-2.26101,-0.11742, 0.00753, 8.34254, 8.02209,2080.91822,-2.25196,-0.00000,-0.00000,
 8.00000,55.72471,235.05124,9858.81973,-0.78193, 3.68066, 5.60448,508.36847, 2.88113, 0.14109,-0.56891, 0.15342,-0.11997,2080.90884,-2.26125,-0.10479, 0.00752, 8.32613, 7.98165,2080.91822,-2.25196,-0.00000,-0.00000,
 8.10000,56.56085,240.10429,9859.50126,-0.84872, 3.70144, 5.59765,508.35408, 2.93819, 0.13516,-0.74680, 0.25846,-0.01758,2080.90956,-2.26072,-0.09122, 0.00751, 8.30880, 7.94312,2080.91822,-2.25196,-0.00000,-0.00000,
 8.20000,57.39546,245.14977,9860.15333,-0.92911, 3.73167, 5.60058,508.33780, 2.99960, 0.11845,-0.85217, 0.34287, 0.07371,2080.91030,-2.25950,-0.07717, 0.00750, 8.29001, 7.90625,2080.91822,-2.25196,-0.00000,-0.00000,
 8.30000,58.22833,250.18764,9860.78047,-1.01571, 3.76937, 5.61183,508.31918, 3.06327, 0.09306,-0.88116, 0.40810, 0.14730,2080.91106,-2.25776,-0.06305, 0.00748, 8.26933, 7.87079,2080.91822,-2.25196,-0.00000,-0.00000,
 8.40000,59.05921,255.21796,9861.38721,-1.10108, 3.81270, 5.62935,508.29788, 3.12740, 0.06163,-0.83645, 0.45578, 0.19847,2080.91181,-2.25565,-0.04919, 0.00746, 8.24643, 7.83649,2080.91822,-2.25196,-0.00000,-0.00000,
 8.50000,59.88781,260.24093,9861.97801,-1.17837, 3.86000, 5.65076,508.27366, 3.19047, 0.02710,-0.72651, 0.48769, 0.22464,2080.91254,-2.25338,-0.03586, 0.00744, 8.22108, 7.80309,2080.91822,-2.25196,-0.00000,-0.00000,
 8.60000,60.71384,265.25684,9862.55716,-1.24187, 3.90978, 5.67352,508.24639, 3.25122,-0.00753,-0.56452, 0.50566, 0.22541,2080.91324,-2.25115,-0.02329, 0.00742, 8.19313, 7.77035,2080.91822,-2.25196,-0.00000,-0.00000,
 8.70000,61.53698,270.26606,9863.12871,-1.28731, 3.96073, 5.69514,508.21600, 3.30868,-0.03945,-0.36703, 0.51156, 0.20247,2080.91389,-2.24912,-0.01163, 0.00739, 8.16249, 7.73804,2080.91822,-2.25196,-0.00000,-0.00000,
 8.80000,62.35693,275.26898,9863.69641,-1.31220, 4.01175, 5.71341,508.18250, 3.36208,-0.06628,-0.15231, 0.50721, 0.15930,2080.91449,-2.24745,-0.00101, 0.00736, 8.12914, 7.70594,2080.91822,-2.25196,-0.00000,-0.00000,
 8.90000,63.17338,280.26600,9864.26368,-1.31584, 4.06189, 5.72655,508.14597, 3.41089,-0.08619, 0.06119, 0.49436, 0.10077,2080.91504,-2.24626, 0.00850, 0.00733, 8.09313, 7.67387,2080.91822,-2.25196,-0.00000,-0.00000,
 9.00000,63.98603,285.25747,9864.83358,-1.29932, 4.11039, 5.73329,508.10650, 3.45476,-0.09806, 0.25638, 0.47468, 0.03266,2080.91552,-2.24559, 0.01686, 0.00729, 8.05453, 7.64165,2080.91822,-2.25196,-0.00000,-0.00000,
 9.10000,64.79459,290.24371,9865.40881,-1.26526, 4.15665, 5.73298,508.06427, 3.49351,-0.10147, 0.41877, 0.44972,-0.03887,2080.91594,-2.24548, 0.02406, 0.00725, 8.01345, 7.60913,2080.91822,-2.25196,-0.00000,-0.00000,
 9.20000,65.59880,295.22493,9865.99169,-1.21751, 4.20021, 5.72558,508.01943, 3.52711,-0.09672, 0.53755, 0.42089,-0.10780,2080.91631,-2.24588, 0.03013, 0.00721, 7.97003, 7.57618,2080.91822,-2.25196,-0.00000,-0.00000,
 9.30000,66.39840,300.20128,9866.58418,-1.16077, 4.24074, 5.71164,507.97219, 3.55565,-0.08477, 0.60612, 0.38945,-0.16874,2080.91661,-2.24675, 0.03511, 0.00717, 7.92444, 7.54268,2080.91822,-2.25196,-0.00000,-0.00000,
 9.40000,67.19316,305.17279,9867.18788,-1.10013, 4.27805, 5.69218,507.92276, 3.57931,-0.06706, 0.62239, 0.35655,-0.21732,2080.91687,-2.24796, 0.03907, 0.00712, 7.87684, 7.50855,2080.91822,-2.25196,-0.00000,-0.00000,
 9.50000,67.98288,310.13942,9867.80407,-1.04066, 4.31203, 5.66861,507.87135, 3.59837,-0.04541, 0.58865, 0.32313,-0.25045,2080.91706,-2.24941, 0.04206, 0.00708, 7.82742, 7.47371,2080.91822,-2.25196,-0.00000,-0.00000,
 9.60000,68.76737,315.10103,9868.43372,-0.98698, 4.34269, 5.64257,507.81817, 3.61316,-0.02185, 0.51103, 0.29004,-0.26650,2080.91722,-2.25095, 0.04419, 0.00703, 7.77635, 7.43812,2080.91822,-2.25196,-0.00000,-0.00000,
 9.70000,69.54647,320.05744,9869.07753,-0.94293, 4.37007, 5.61578,507.76344, 3.62404, 0.00160, 0.39880, 0.25795,-0.26535,2080.91733,-2.25247, 0.04554, 0.00698, 7.72382, 7.40172,2080.91822,-2.25196,-0.00000,-0.00000,
 9.80000,70.32002,325.00839,9869.73591,-0.91130, 4.39433, 5.58992,507.70734, 3.63141, 0.02306, 0.26340, 0.22741,-0.24825,2080.91740,-2.25382, 0.04620, 0.00693, 7.66998, 7.36450,2080.91822,-2.25196,-0.00000,-0.00000,
 9.90000,71.08789,329.95364,9870.40910,-0.89369, 4.41562, 5.56648,507.65007, 3.63570, 0.04091, 0.11733, 0.19884,-0.21766,2080.91744,-2.25493, 0.04626, 0.00688, 7.61502, 7.32644,2080.91822,-2.25196,-0.00000,-0.00000,
10.00000,71.85000,334.89293,9871.09712,-0.89048, 4.43417, 5.54664,507.59180, 3.63731, 0.05398,-0.02688, 0.17256,-0.17698,2080.91745,-2.25571, 0.04582, 0.00682, 7.55907, 7.28754,2080.91822,-2.25196,-0.00000,-0.00000,
10.10000,72.60623,339.82603,9871.79982,-0.90084, 4.45022, 5.53122,507.53268, 3.63666, 0.06154,-0.15772, 0.14877,-0.13015,2080.91743,-2.25613, 0.04497, 0.00677, 7.50228, 7.24781,2080.91822,-2.25196,-0.00000,-0.00000,
10.20000,73.35651,344.75274,9872.51694,-0.92289, 4.46401, 5.52063,507.47286, 3.63413, 0.06334,-0.26556, 0.12759,-0.08139,2080.91740,-2.25618, 0.04378, 0.00672, 7.44477, 7.20727,2080.91822,-2.25196,-0.00000,-0.00000,
10.30000,74.10078,349.67293,9873.24810,-0.95397, 4.47582, 5.51484,507.41247, 3.63011, 0.05965,-0.34324, 0.10905,-0.03475,2080.91735,-2.25587, 0.04234, 0.00666, 7.38666, 7.16594,2080.91822,-2.25196,-0.00000,-0.00000,
10.40000,74.83899,354.58652,9873.99282,-0.99084, 4.48591, 5.51347,507.35160, 3.62494, 0.05113,-0.38658, 0.09313, 0.00616,2080.91730,-2.25526, 0.04071, 0.00661, 7.32804, 7.12383,2080.91822,-2.25196,-0.00000,-0.00000,
10.50000,75.57109,359.49350,9874.75060,-1.03004, 4.49453, 5.51579,507.29034, 3.61892, 0.03880,-0.39441, 0.07974, 0.03844,2080.91723,-2.25441, 0.03896, 0.00655, 7.26899, 7.08099,2080.91822,-2.25196,-0.00000,-0.00000,
10.60000,76.29704,364.39392,9875.52086,-1.06813, 4.50194, 5.52082,507.22879, 3.61235, 0.02392,-0.36853, 0.06877, 0.06007,2080.91716,-2.25342, 0.03714, 0.00649, 7.20959, 7.03744,2080.91822,-2.25196,-0.00000,-0.00000,
10.70000,77.01683,369.28790,9876.30302,-1.10203, 4.50836, 5.52744,507.16698, 3.60547, 0.00786,-0.31334, 0.06005, 0.07005,2080.91709,-2.25237, 0.03530, 0.00644, 7.14989, 6.99323,2080.91822,-2.25196,-0.00000,-0.00000,
10.80000,77.73043,374.17557,9877.09650,-1.12918, 4.51402, 5.53446,507.10498, 3.59850,-0.00800,-0.23529, 0.05338, 0.06836,2080.91702,-2.25135, 0.03348, 0.00638, 7.08994, 6.94837,2080.91822,-2.25196,-0.00000,-0.00000,
10.90000,78.43782,379.05711,9877.90071,-1.14775, 4.51910, 5.54078,507.04281, 3.59162,-0.02240,-0.14224, 0.04858, 0.05596,2080.91695,-2.25044, 0.03171, 0.00633, 7.02976, 6.90290,2080.91822,-2.25196,-0.00000,-0.00000,
11.00000,79.13899,383.93270,9878.71507,-1.15673, 4.52379, 5.54538,506.98049, 3.58498,-0.03427,-0.04273, 0.04543, 0.03458,2080.91688,-2.24970, 0.03003, 0.00627, 6.96940, 6.85686,2080.91822,-2.25196,-0.00000,-0.00000,
11.10000,79.83392,388.80254,9879.53905,-1.15594, 4.52824, 5.54748,506.91805, 3.57871,-0.04282, 0.05476, 0.04372, 0.00656,2080.91682,-2.24919, 0.02844, 0.00621, 6.90885, 6.81028,2080.91822,-2.25196,-0.00000,-0.00000,
11.20000,80.52260,393.66679,9880.37214,-1.14603, 4.53257, 5.54656,506.85549, 3.57289,-0.04759, 0.14251, 0.04322,-0.02537,2080.91677,-2.24893, 0.02697, 0.00616, 6.84813, 6.76318,2080.91822,-2.25196,-0.00000,-0.00000,
11.30000,81.20501,398.52559,9881.21387,-1.12830, 4.53691, 5.54237,506.79280, 3.56759,-0.04847, 0.21410, 0.04375,-0.05836,2080.91672,-2.24893, 0.02563, 0.00610, 6.78725, 6.71559,2080.91822,-2.25196,-0.00000,-0.00000,
11.40000,81.88115,403.37904,9882.06380,-1.10463, 4.54135, 5.53492,506.72998, 3.56286,-0.04563, 0.26485, 0.04510,-0.08968,2080.91668,-2.24916, 0.02442, 0.00604, 6.72619, 6.66754,2080.91822,-2.25196,-0.00000,-0.00000,
11.50000,82.55100,408.22720,9882.92154,-1.07724, 4.54596, 5.52453,506.66702, 3.55871,-0.03956, 0.29209, 0.04709,-0.11689,2080.91664,-2.24959, 0.02334, 0.00599, 6.66495, 6.61905,2080.91822,-2.25196,-0.00000,-0.00000,
11.60000,83.21455,413.07009,9883.78675,-1.04848, 4.55078, 5.51170,506.60390, 3.55517,-0.03098, 0.29523, 0.04956,-0.13809,2080.91662,-2.25017, 0.02239, 0.00593, 6.60352, 6.57013,2080.91822,-2.25196,-0.00000,-0.00000,
11.70000,83.87178,417.90767,9884.65912,-1.02067, 4.55588, 5.49710,506.54060, 3.55222,-0.02075, 0.27566, 0.05235,-0.15196,2080.91660,-2.25085, 0.02156, 0.00587, 6.54189, 6.52081,2080.91822,-2.25196,-0.00000,-0.00000,
11.80000,84.52267,422.73988,9885.53838,-0.99590, 4.56126, 5.48151,506.47711, 3.54984,-0.00980, 0.23650, 0.05534,-0.15789,2080.91658,-2.25157, 0.02085, 0.00581, 6.48004, 6.47110,2080.91822,-2.25196,-0.00000,-0.00000,
11.90000,85.16719,427.56664,9886.42431,-0.97584, 4.56695, 5.46573,506.41341, 3.54801, 0.00093, 0.18226, 0.05839,-0.15591,2080.91657,-2.25226, 0.02026, 0.00576, 6.41796, 6.42102,2080.91822,-2.25196,-0.00000,-0.00000,
12.00000,85.80534,432.38784,9887.31671,-0.96171, 4.57294, 5.45051,506.34948, 3.54668, 0.01060, 0.11834, 0.06143,-0.14674,2080.91657,-2.25287, 0.01976, 0.00570, 6.35563, 6.37056,2080.91822,-2.25196,-0.00000,-0.00000,
12.10000,86.43708,437.20335,9888.21543,-0.95414, 4.57923, 5.43652,506.28529, 3.54581, 0.01848, 0.05056, 0.06436,-0.13160,2080.91658,-2.25336, 0.01936, 0.00564, 6.29303, 6.31976,2080.91822,-2.25196,-0.00000,-0.00000,
12.20000,87.06239,442.01307,9889.12033,-0.95318, 4.58581, 5.42428,506.22083, 3.54536, 0.02408,-0.01535, 0.06712,-0.11210,2080.91658,-2.25369, 0.01904, 0.00558, 6.23016, 6.26860,2080.91822,-2.25196,-0.00000,-0.00000,
12.30000,87.68124,446.81689,9890.03132,-0.95837, 4.59265, 5.41414,506.15609, 3.54528, 0.02709,-0.07419, 0.06965,-0.09012,2080.91660,-2.25385, 0.01878, 0.00552, 6.16699, 6.21709,2080.91822,-2.25196,-0.00000,-0.00000,
12.40000,88.29360,451.61474,9890.94830,-0.96877, 4.59973, 5.40624,506.09104, 3.54552, 0.02745,-0.12171, 0.07192,-0.06759,2080.91661,-2.25384, 0.01859, 0.00547, 6.10351, 6.16525,2080.91822,-2.25196,-0.00000,-0.00000,
12.50000,88.89944,456.40656,9891.87123,-0.98309, 4.60702, 5.40055,506.02568, 3.54604, 0.02532,-0.15485, 0.07390,-0.04637,2080.91663,-2.25367, 0.01844, 0.00541, 6.03972, 6.11307,2080.91822,-2.25196,-0.00000,-0.00000,
12.60000,89.49872,461.19232,9892.80005,-0.99980, 4.61450, 5.39685,505.95999, 3.54679, 0.02102,-0.17191, 0.07558,-0.02806,2080.91665,-2.25337, 0.01834, 0.00535, 5.97560, 6.06056,2080.91822,-2.25196,-0.00000,-0.00000,
12.70000,90.09142,465.97203,9893.73472,-1.01728, 4.62212, 5.39479,505.89397, 3.54772, 0.01507,-0.17262, 0.07694,-0.01394,2080.91667,-2.25296, 0.01826, 0.00529, 5.91114, 6.00772,2080.91822,-2.25196,-0.00000,-0.00000,
12.80000,90.67750,470.74572,9894.67523,-1.03399, 4.62987, 5.39389,505.82760, 3.54880, 0.00805,-0.15803, 0.07800,-0.00486,2080.91670,-2.25249, 0.01821, 0.00523, 5.84634, 5.95455,2080.91822,-2.25196,-0.00000,-0.00000,
12.90000,91.25693,475.51345,9895.62155,-1.04853, 4.63771, 5.39363,505.76089, 3.54998, 0.00060,-0.13038, 0.07875,-0.00120,2080.91672,-2.25201, 0.01817, 0.00517, 5.78120, 5.90105,2080.91822,-2.25196,-0.00000,-0.00000,
13.00000,91.82967,480.27528,9896.57367,-1.05976, 4.64561, 5.39347,505.69382, 3.55124,-0.00664,-0.09279, 0.07922,-0.00288,2080.91675,-2.25154, 0.01813, 0.00511, 5.71570, 5.84722,2080.91822,-2.25196,-0.00000,-0.00000,
13.10000,92.39568,485.03132,9897.53159,-1.06692, 4.65355, 5.39289,505.62640, 3.55254,-0.01311,-0.04897, 0.07942,-0.00939,2080.91678,-2.25114, 0.01810, 0.00505, 5.64986, 5.79307,2080.91822,-2.25196,-0.00000,-0.00000,
13.20000,92.95494,489.78164,9898.49530,-1.06961, 4.66149, 5.39146,505.55862, 3.55386,-0.01834,-0.00289, 0.07937,-0.01987,2080.91680,-2.25081, 0.01807, 0.00498, 5.58366, 5.73858,2080.91822,-2.25196,-0.00000,-0.00000,
13.30000,93.50740,494.52633,9899.46477,-1.06781, 4.66941, 5.38882,505.49049, 3.55517,-0.02199, 0.04158, 0.07909,-0.03320,2080.91683,-2.25060, 0.01803, 0.00492, 5.51711, 5.68377,2080.91822,-2.25196,-0.00000,-0.00000,
13.40000,94.05302,499.26548,9900.44001,-1.06189, 4.67730, 5.38475,505.42201, 3.55647,-0.02386, 0.08096, 0.07862,-0.04810,2080.91685,-2.25050, 0.01798, 0.00486, 5.45021, 5.62864,2080.91822,-2.25196,-0.00000,-0.00000,
13.50000,94.59179,503.99915,9901.42099,-1.05249, 4.68513, 5.37917,505.35318, 3.55773,-0.02394, 0.11241, 0.07796,-0.06326,2080.91688,-2.25052, 0.01792, 0.00480, 5.38297, 5.57318,2080.91822,-2.25196,-0.00000,-0.00000,
13.60000,95.12365,508.72738,9902.40769,-1.04053, 4.69289, 5.37211,505.28401, 3.55894,-0.02234, 0.13395, 0.07716,-0.07742,2080.91690,-2.25064, 0.01784, 0.00474, 5.31539, 5.51739,2080.91822,-2.25196,-0.00000,-0.00000,
13.70000,95.64858,513.45021,9903.40010,-1.02704, 4.70056, 5.36372,505.21450, 3.56009,-0.01930, 0.14450, 0.07623,-0.08951,2080.91693,-2.25086, 0.01775, 0.00467, 5.24747, 5.46129,2080.91822,-2.25196,-0.00000,-0.00000,
13.80000,96.16654,518.16763,9904.39818,-1.01312, 4.70813, 5.35427,505.14466, 3.56118,-0.01516, 0.14396, 0.07519,-0.09869,2080.91695,-2.25114, 0.01764, 0.00461, 5.17923, 5.40486,2080.91822,-2.25196,-0.00000,-0.00000,
13.90000,96.67750,522.87965,9905.40190,-0.99982, 4.71559, 5.34406,505.07450, 3.56220,-0.01034, 0.13314, 0.07407,-0.10440,2080.91697,-2.25146, 0.01751, 0.00455, 5.11066, 5.34812,2080.91822,-2.25196,-0.00000,-0.00000,
14.00000,97.18143,527.58622,9906.41121,-0.98809, 4.72294, 5.33347,505.00402, 3.56316,-0.00526, 0.11360, 0.07289,-0.10643,2080.91700,-2.25179, 0.01737, 0.00448, 5.04177, 5.29105,2080.91822,-2.25196,-0.00000,-0.00000,
14.10000,97.67829,532.28731,9907.42608,-0.97865, 4.73017, 5.32285,504.93323, 3.56405,-0.00036, 0.08753, 0.07166,-0.10484,2080.91702,-2.25210, 0.01722, 0.00442, 4.97257, 5.23368,2080.91822,-2.25196,-0.00000,-0.00000,
14.20000,98.16806,536.98287,9908.44645,-0.97203, 4.73727, 5.31257,504.86214, 3.56488, 0.00398, 0.05746, 0.07040,-0.10002,2080.91704,-2.25237, 0.01704, 0.00435, 4.90307, 5.17599,2080.91822,-2.25196,-0.00000,-0.00000,
14.30000,98.65071,541.67286,9909.47227,-0.96846, 4.74425, 5.30290,504.79075, 3.56565, 0.00745, 0.02609, 0.06912,-0.09255,2080.91706,-2.25259, 0.01686, 0.00429, 4.83327, 5.11800,2080.91822,-2.25196,-0.00000,-0.00000,
14.40000,99.12620,546.35721,9910.50348,-0.96792, 4.75110, 5.29408,504.71908, 3.56635, 0.00982,-0.00395, 0.06784,-0.08323,2080.91708,-2.25273, 0.01666, 0.00423, 4.76319, 5.05970,2080.91822,-2.25196,-0.00000,-0.00000,
14.50000,99.59452,551.03590,9911.54002,-0.97017, 4.75782, 5.28625,504.64713, 3.56701, 0.01100,-0.03033, 0.06657,-0.07293,2080.91710,-2.25279, 0.01645, 0.00416, 4.69282, 5.00110,2080.91822,-2.25196,-0.00000,-0.00000,
14.60000,100.05562,555.70889,9912.58181,-0.97472, 4.76441, 5.27947,504.57491, 3.56762, 0.01095,-0.05118, 0.06531,-0.06252,2080.91712,-2.25277, 0.01622, 0.00410, 4.62219, 4.94220,2080.91822,-2.25196,-0.00000,-0.00000,
14.70000,100.50949,560.37616,9913.62879,-0.98096, 4.77088, 5.27370,504.50243, 3.56818, 0.00977,-0.06519, 0.06407,-0.05287,2080.91713,-2.25268, 0.01599, 0.00403, 4.55128, 4.88301,2080.91822,-2.25196,-0.00000,-0.00000,
14.80000,100.95610,565.03770,9914.68089,-0.98818, 4.77723, 5.26883,504.42970, 3.56871, 0.00763,-0.07170, 0.06286,-0.04468,2080.91715,-2.25253, 0.01575, 0.00396, 4.48012, 4.82353,2080.91822,-2.25196,-0.00000,-0.00000,
14.90000,101.39542,569.69352,9915.73802,-0.99562, 4.78345, 5.26468,504.35671, 3.56921, 0.00477,-0.07071, 0.06167,-0.03852,2080.91717,-2.25233, 0.01551, 0.00390, 4.40870, 4.76376,2080.91822,-2.25196,-0.00000,-0.00000,
15.00000,101.82743,574.34365,9916.80011,-1.00258, 4.78956, 5.26103,504.28349, 3.56969, 0.00147,-0.06279, 0.06052,-0.03473,2080.91719,-2.25211, 0.01526, 0.00383, 4.33704, 4.70372,2080.91822,-2.25196,-0.00000,-0.00000,
15.10000,102.25211,578.98811,9917.86707,-1.00842, 4.79556, 5.25763,504.21003, 3.57014,-0.00198,-0.04908, 0.05940,-0.03346,2080.91720,-2.25189, 0.01500, 0.00377, 4.26514, 4.64340,2080.91822,-2.25196,-0.00000,-0.00000,
15.20000,102.66943,583.62694,9918.93884,-1.01267, 4.80144, 5.25424,504.13634, 3.57058,-0.00528,-0.03106, 0.05831,-0.03462,2080.91722,-2.25168, 0.01474, 0.00370, 4.19300, 4.58280,2080.91822,-2.25196,-0.00000,-0.00000,
15.30000,103.07937,588.26019,9920.01531,-1.01499, 4.80722, 5.25062,504.06244, 3.57100,-0.00817,-0.01050, 0.05725,-0.03796,2080.91724,-2.25150, 0.01448, 0.00363, 4.12064, 4.52195,2080.91822,-2.25196,-0.00000,-0.00000,
15.40000,103.48191,592.88791,9921.09642,-1.01523, 4.81289, 5.24658,503.98832, 3.57142,-0.01046, 0.01078, 0.05622,-0.04304,2080.91725,-2.25136, 0.01421, 0.00357, 4.04806, 4.46082,2080.91822,-2.25196,-0.00000,-0.00000,
15.50000,103.87703,597.51012,9922.18207,-1.01342, 4.81846, 5.24196,503.91399, 3.57183,-0.01200, 0.03100, 0.05522,-0.04934,2080.91727,-2.25127, 0.01395, 0.00350, 3.97527, 4.39945,2080.91822,-2.25196,-0.00000,-0.00000,
15.60000,104.26471,602.12688,9923.27218,-1.00974, 4.82394, 5.23667,503.83946, 3.57224,-0.01272, 0.04861, 0.05425,-0.05625,2080.91729,-2.25123, 0.01368, 0.00343, 3.90226, 4.33782,2080.91822,-2.25196,-0.00000,-0.00000,
15.70000,104.64492,606.73822,9924.36666,-1.00453, 4.82931, 5.23068,503.76473, 3.57266,-0.01260, 0.06236, 0.05329,-0.06317,2080.91730,-2.25125, 0.01341, 0.00336, 3.82906, 4.27594,2080.91822,-2.25196,-0.00000,-0.00000,
15.80000,105.01765,611.34416,9925.46543,-0.99822, 4.83460, 5.22403,503.68982, 3.57307,-0.01173, 0.07140, 0.05236,-0.06954,2080.91732,-2.25131, 0.01315, 0.00330, 3.75566, 4.21382,2080.91822,-2.25196,-0.00000,-0.00000,
15.90000,105.38287,615.94471,9926.56840,-0.99129, 4.83979, 5.21678,503.61471, 3.57350,-0.01022, 0.07533, 0.05145,-0.07487,2080.91734,-2.25142, 0.01288, 0.00323, 3.68206, 4.15147,2080.91822,-2.25196,-0.00000,-0.00000,
16.00000,105.74058,620.53989,9927.67550,-0.98426, 4.84489, 5.20907,503.53943, 3.57393,-0.00823, 0.07417, 0.05055,-0.07879,2080.91736,-2.25155, 0.01261, 0.00316, 3.60828, 4.08888,2080.91822,-2.25196,-0.00000,-0.00000,
16.10000,106.09075,625.12967,9928.78662,-0.97760, 4.84990, 5.20105,503.46397, 3.57436,-0.00597, 0.06837, 0.04966,-0.08109,2080.91737,-2.25170, 0.01235, 0.00309, 3.53432, 4.02606,2080.91822,-2.25196,-0.00000,-0.00000,
16.20000,106.43337,629.71406,9929.90169,-0.97173, 4.85482, 5.19288,503.38835, 3.57481,-0.00362, 0.05870, 0.04879,-0.08167,2080.91739,-2.25186, 0.01209, 0.00302, 3.46018, 3.96302,2080.91822,-2.25196,-0.00000,-0.00000,
16.30000,106.76842,634.29305,9931.02063,-0.96698, 4.85966, 5.18474,503.31255, 3.57526,-0.00139, 0.04622, 0.04791,-0.08062,2080.91741,-2.25200, 0.01182, 0.00296, 3.38587, 3.89976,2080.91822,-2.25196,-0.00000,-0.00000,
16.40000,107.09588,638.86660,9932.14335,-0.96355, 4.86440, 5.17677,503.23660, 3.57573, 0.00055, 0.03211, 0.04705,-0.07810,2080.91743,-2.25212, 0.01156, 0.00289, 3.31139, 3.83628,2080.91822,-2.25196,-0.00000,-0.00000,
16.50000,107.41573,643.43470,9933.26977,-0.96155, 4.86907, 5.16912,503.16050, 3.57620, 0.00207, 0.01763, 0.04619,-0.07443,2080.91744,-2.25221, 0.01130, 0.00282, 3.23676, 3.77260,2080.91822,-2.25196,-0.00000,-0.00000,
16.60000,107.72797,647.99733,9934.39980,-0.96093, 4.87364, 5.16188,503.08424, 3.57668, 0.00308, 0.00398, 0.04532,-0.06997,2080.91746,-2.25227, 0.01105, 0.00275, 3.16196, 3.70872,2080.91822,-2.25196,-0.00000,-0.00000,
16.70000,108.03258,652.55448,9935.53336,-0.96157, 4.87813, 5.15511,503.00784, 3.57717, 0.00352,-0.00782, 0.04446,-0.06513,2080.91748,-2.25229, 0.01079, 0.00268, 3.08702, 3.64463,2080.91822,-2.25196,-0.00000,-0.00000,
16.80000,108.32953,657.10613,9936.67037,-0.96323, 4.88253, 5.14883,502.93130, 3.57767, 0.00340,-0.01692, 0.04360,-0.06032,2080.91750,-2.25228, 0.01053, 0.00261, 3.01193, 3.58035,2080.91822,-2.25196,-0.00000,-0.00000,
16.90000,108.61883,661.65229,9937.81075,-0.96561, 4.88685, 5.14301,502.85463, 3.57817, 0.00277,-0.02279, 0.04273,-0.05592,2080.91752,-2.25223, 0.01028, 0.00254, 2.93669, 3.51588,2080.91822,-2.25196,-0.00000,-0.00000,
17.00000,108.90046,666.19295,9938.95441,-0.96837, 4.89108, 5.13760,502.77783, 3.57869, 0.00171,-0.02517, 0.04186,-0.05226,2080.91754,-2.25216, 0.01002, 0.00247, 2.86133, 3.45122,2080.91822,-2.25196,-0.00000,-0.00000,
17.10000,109.17439,670.72812,9940.10128,-0.97118, 4.89522, 5.13251,502.70090, 3.57920, 0.00034,-0.02412, 0.04098,-0.04956,2080.91755,-2.25206, 0.00977, 0.00240, 2.78583, 3.38638,2080.91822,-2.25196,-0.00000,-0.00000,
17.20000,109.44063,675.25782,9941.25127,-0.97372, 4.89928, 5.12763,502.62385, 3.57973,-0.00120,-0.01994, 0.04010,-0.04798,2080.91757,-2.25196, 0.00951, 0.00233, 2.71020, 3.32137,2080.91822,-2.25196,-0.00000,-0.00000,
17.30000,109.69916,679.78206,9942.40430,-0.97569, 4.90324, 5.12285,502.54670, 3.58025,-0.00279,-0.01320, 0.03921,-0.04756,2080.91759,-2.25186, 0.00926, 0.00226, 2.63446, 3.25618,2080.91822,-2.25196,-0.00000,-0.00000,
17.40000,109.94997,684.30087,9943.56029,-0.97690, 4.90712, 5.11806,502.46943, 3.58079,-0.00429,-0.00461, 0.03832,-0.04826,2080.91761,-2.25176, 0.00900, 0.00219, 2.55859, 3.19083,2080.91822,-2.25196,-0.00000,-0.00000,
17.50000,110.19304,688.81427,9944.71916,-0.97719, 4.91091, 5.11315,502.39205, 3.58132,-0.00558, 0.00501, 0.03742,-0.04992,2080.91763,-2.25168, 0.00875, 0.00212, 2.48262, 3.12531,2080.91822,-2.25196,-0.00000,-0.00000,
17.60000,110.42838,693.32228,9945.88083,-0.97652, 4.91460, 5.10803,502.31458, 3.58186,-0.00658, 0.01480, 0.03652,-0.05235,2080.91765,-2.25162, 0.00850, 0.00205, 2.40654, 3.05963,2080.91822,-2.25196,-0.00000,-0.00000,
17.70000,110.65596,697.82494,9947.04521,-0.97491, 4.91821, 5.10264,502.23702, 3.58240,-0.00722, 0.02397, 0.03561,-0.05530,2080.91767,-2.25158, 0.00824, 0.00198, 2.33036, 2.99381,2080.91822,-2.25196,-0.00000,-0.00000,
17.80000,110.87578,702.32224,9948.21223,-0.97246, 4.92172, 5.09694,502.15937, 3.58294,-0.00747, 0.03181, 0.03469,-0.05848,2080.91769,-2.25157, 0.00799, 0.00191, 2.25409, 2.92783,2080.91822,-2.25196,-0.00000,-0.00000,
17.90000,111.08783,706.81423,9949.38180,-0.96935, 4.92515, 5.09092,502.08164, 3.58348,-0.00735, 0.03778, 0.03377,-0.06161,2080.91770,-2.25158, 0.00773, 0.00184, 2.17772, 2.86171,2080.91822,-2.25196,-0.00000,-0.00000,
18.00000,111.29210,711.30090,9950.55385,-0.96576, 4.92848, 5.08461,502.00382, 3.58403,-0.00689, 0.04153, 0.03284,-0.06444,2080.91772,-2.25162, 0.00748, 0.00177, 2.10127, 2.79544,2080.91822,-2.25196,-0.00000,-0.00000,
18.10000,111.48859,715.78228,9951.72828,-0.96193, 4.93171, 5.07803,501.92594, 3.58457,-0.00614, 0.04290, 0.03191,-0.06676,2080.91774,-2.25167, 0.00722, 0.00170, 2.02474, 2.72905,2080.91822,-2.25196,-0.00000,-0.00000,
18.20000,111.67729,720.25835,9952.90503,-0.95809, 4.93486, 5.07125,501.84799, 3.58512,-0.00519, 0.04194, 0.03098,-0.06840,2080.91776,-2.25173, 0.00697, 0.00163, 1.94814, 2.66252,2080.91822,-2.25196,-0.00000,-0.00000,
18.30000,111.85819,724.72913,9954.08400,-0.95447, 4.93791, 5.06435,501.76998, 3.58566,-0.00413, 0.03890, 0.03004,-0.06928,2080.91778,-2.25180, 0.00671, 0.00156, 1.87146, 2.59587,2080.91822,-2.25196,-0.00000,-0.00000,
18.40000,112.03128,729.19461,9955.26512,-0.95124, 4.94087, 5.05739,501.69191, 3.58620,-0.00305, 0.03415, 0.02910,-0.06937,2080.91780,-2.25187, 0.00646, 0.00149, 1.79472, 2.52909,2080.91822,-2.25196,-0.00000,-0.00000,
18.50000,112.19657,733.65479,9956.44831,-0.94855, 4.94373, 5.05047,501.61379, 3.58675,-0.00203, 0.02819, 0.02815,-0.06872,2080.91782,-2.25194, 0.00620, 0.00142, 1.71793, 2.46220,2080.91822,-2.25196,-0.00000,-0.00000,
18.60000,112.35404,738.10967,9957.63347,-0.94649, 4.94650, 5.04364,501.53563, 3.58729,-0.00117, 0.02159, 0.02720,-0.06741,2080.91784,-2.25199, 0.00594, 0.00135, 1.64108, 2.39520,2080.91822,-2.25196,-0.00000,-0.00000,
18.70000,112.50369,742.55923,9958.82054,-0.94508, 4.94917, 5.03698,501.45743, 3.58783,-0.00050, 0.01492, 0.02625,-0.06560,2080.91786,-2.25203, 0.00568, 0.00128, 1.56418, 2.32809,2080.91822,-2.25196,-0.00000,-0.00000,
18.80000,112.64552,747.00347,9960.00942,-0.94431, 4.95175, 5.03051,501.37919, 3.58837,-0.00008, 0.00873, 0.02530,-0.06345,2080.91788,-2.25206, 0.00543, 0.00121, 1.48724, 2.26087,2080.91822,-2.25196,-0.00000,-0.00000,
18.90000,112.77953,751.44239,9961.20004,-0.94410, 4.95423, 5.02427,501.30092, 3.58892, 0.00007, 0.00347, 0.02435,-0.06117,2080.91789,-2.25206, 0.00517, 0.00114, 1.41026, 2.19356,2080.91822,-2.25196,-0.00000,-0.00000,
19.00000,112.90571,755.87598,9962.39232,-0.94434, 4.95662, 5.01825,501.22263, 3.58946,-0.00003,-0.00049, 0.02339,-0.05893,2080.91791,-2.25205, 0.00491, 0.00107, 1.33325, 2.12616,2080.91822,-2.25196,-0.00000,-0.00000,
19.10000,113.02405,760.30426,9963.58616,-0.94489, 4.95891, 5.01245,501.14433, 3.59000,-0.00035,-0.00293, 0.02244,-0.05691,2080.91793,-2.25203, 0.00465, 0.00100, 1.25622, 2.05866,2080.91822,-2.25196,-0.00000,-0.00000,
19.20000,113.13457,764.72722,9964.78149,-0.94559, 4.96110, 5.00683,501.06600, 3.59053,-0.00087,-0.00374, 0.02148,-0.05525,2080.91795,-2.25199, 0.00439, 0.00093, 1.17916, 1.99108,2080.91822,-2.25196,-0.00000,-0.00000,
19.30000,113.23725,769.14487,9965.97822,-0.94628, 4.96320, 5.00136,500.98768, 3.59107,-0.00152,-0.00299, 0.02052,-0.05406,2080.91797,-2.25195, 0.00413, 0.00086, 1.10208, 1.92343,2080.91822,-2.25196,-0.00000,-0.00000,
19.40000,113.33211,773.55722,9967.17628,-0.94682, 4.96521, 4.99598,500.90935, 3.59161,-0.00224,-0.00083, 0.01957,-0.05339,2080.91799,-2.25190, 0.00387, 0.00079, 1.02500, 1.85569,2080.91822,-2.25196,-0.00000,-0.00000,
19.50000,113.41912,777.96429,9968.37558,-0.94708, 4.96712, 4.99065,500.83102, 3.59215,-0.00297, 0.00246, 0.01861,-0.05325,2080.91801,-2.25185, 0.00361, 0.00072, 0.94791, 1.78789,2080.91822,-2.25196,-0.00000,-0.00000,
19.60000,113.49831,782.36608,9969.57603,-0.94697, 4.96893, 4.98530,500.75270, 3.59268,-0.00364, 0.00653, 0.01765,-0.05362,2080.91803,-2.25181, 0.00335, 0.00065, 0.87082, 1.72002,2080.91822,-2.25196,-0.00000,-0.00000,
19.70000,113.56967,786.76261,9970.77755,-0.94644, 4.97065, 4.97989,500.67440, 3.59322,-0.00422, 0.01101, 0.01669,-0.05443,2080.91805,-2.25178, 0.00309, 0.00058, 0.79373, 1.65209,2080.91822,-2.25196,-0.00000,-0.00000,
19.80000,113.63319,791.15391,9971.98007,-0.94546, 4.97227, 4.97438,500.59612, 3.59375,-0.00465, 0.01550, 0.01573,-0.05557,2080.91807,-2.25175, 0.00283, 0.00050, 0.71666, 1.58411,2080.91822,-2.25196,-0.00000,-0.00000,
19.90000,113.68889,795.53997,9973.18349,-0.94405, 4.97379, 4.96874,500.51786, 3.59429,-0.00491, 0.01963, 0.01478,-0.05692,2080.91808,-2.25173, 0.00257, 0.00043, 0.63960, 1.51608,2080.91822,-2.25196,-0.00000,-0.00000,
20.00000,113.73676,799.92081,9974.38773,-0.94227, 4.97522, 4.96297,500.43963, 3.59482,-0.00500, 0.02311, 0.01382,-0.05836,2080.91810,-2.25173, 0.00231, 0.00036, 0.56256, 1.44799,2080.91822,-2.25196,-0.00000,-0.00000,
