
time,npos,epos,alt,phi,theta,psi,vel,alpha,beta,p,q,r,nx,ny,nz,mach,qbar,ps,

 0.00000, 0.00000, 0.00000,5000.00000, 0.00000, 2.94068, 0.00000,500.00000, 2.94068, 0.00000, 0.00000, 0.00000, 0.00000, 0.05129,-0.01256, 0.99849, 0.45582,256.21395,1760.28927,2181.15859,-1.85638,-0.08289, 0.04562,
 0.10000,49.99908,-0.00209,4999.99202,-0.00025, 3.03189,-0.00047,499.97181, 3.05644,-0.00448,-0.00320, 2.70785,-0.00833, 0.02913,-0.01500, 0.89931, 0.45580,256.18512,1760.28980,2181.15859,-7.85638,-0.10353,-0.15636,
 0.20000,99.99121,-0.00901,4999.95869,-0.00068, 3.63973,-0.00126,499.83551, 3.68185,-0.00996,-0.00427,10.01751,-0.00831,-0.01408,-0.01915, 1.05771, 0.45567,256.04572,1760.29199,2181.15859,-13.85638,-0.12449,-0.35277,
 0.30000,149.95964,-0.02217,4999.95573,-0.00118, 5.06912,-0.00145,499.53849, 4.99620,-0.01794,-0.00388,17.88889, 0.01508, 0.05889,-0.02356, 1.63319, 0.45540,255.74153,1760.29219,2181.15859,-10.70665,-0.14044,-0.36344,
 0.40000,199.89728,-0.04262,5000.15599,-0.00057, 7.03121, 0.00107,499.19081, 6.60535,-0.02865, 0.00645,20.28806, 0.03212, 0.12716,-0.02150, 2.26422, 0.45509,255.38412,1760.27899,2181.15859,-4.70665, 0.01749,-0.12820,
 0.50000,249.78580,-0.06998,5000.75761, 0.00107, 8.92423, 0.00529,498.61445, 7.93979,-0.04037, 0.01708,16.61724, 0.05078, 0.17074,-0.01966, 2.72571, 0.45456,254.79010,1760.23933,2181.15859, 1.29335, 0.14971, 0.00328,
 0.60000,299.59221,-0.10367,5001.90305, 0.00378,10.17305, 0.01102,497.75259, 8.51919,-0.05262, 0.01194, 7.97653, 0.05977, 0.16709,-0.01808, 2.75012, 0.45378,253.90128,1760.16382,2181.15859, 3.42722, 0.23382, 0.04823,
 0.70000,349.29855,-0.14326,5003.59888, 0.00587,10.68877, 0.01696,496.98580, 8.45615,-0.06524, 0.00793, 3.41655, 0.05841, 0.17248,-0.01964, 2.39420, 0.45308,253.10666,1760.05203,2181.15859,-2.57278, 0.14608,-0.14590,
 0.80000,398.91568,-0.18909,5005.74380, 0.00779,11.04944, 0.02309,496.28891, 8.34448,-0.07863, 0.00687, 4.69354, 0.06059, 0.14877,-0.02095, 2.18149, 0.45245,252.38100,1759.91065,2181.15859,-8.57278, 0.12384,-0.34751,
 0.90000,448.44282,-0.24161,5008.27159, 0.00974,11.78645, 0.02949,495.50938, 8.64450,-0.09276, 0.00672,10.56819, 0.06421, 0.12675,-0.02236, 2.26588, 0.45174,251.56960,1759.74404,2181.15859,-12.52899, 0.12828,-0.56891,
 1.00000,497.86191,-0.30110,5011.21188, 0.01251,13.06578, 0.03784,494.60138, 9.36936,-0.10844, 0.01211,14.05159, 0.09052, 0.19801,-0.01942, 2.71352, 0.45092,250.62624,1759.55027,2181.15859,-6.52899, 0.21154,-0.43246,
 1.10000,547.14555,-0.36682,5014.69131, 0.01639,14.40499, 0.04822,493.50032,10.00431,-0.12482, 0.01648,11.83465, 0.10740, 0.23760,-0.01729, 3.03077, 0.44992,249.48542,1759.32098,2181.15859,-0.52899, 0.26413,-0.38013,
 1.20000,596.26112,-0.43788,5018.80238, 0.02134,15.28609, 0.06061,492.25458,10.12487,-0.14208, 0.01770, 5.91063, 0.11879, 0.23546,-0.01490, 2.91173, 0.44879,248.19667,1759.05010,2181.15859,-0.47930, 0.26726,-0.31433,
 1.30000,645.20196,-0.51374,5023.51353, 0.02644,15.76598, 0.07308,491.10587, 9.94891,-0.15961, 0.01748, 4.60610, 0.12242, 0.20788,-0.01685, 2.60633, 0.44775,247.00455,1758.73972,2181.15859,-6.47930, 0.25282,-0.58168,
 1.40000,693.97806,-0.59479,5028.73301, 0.03205,16.37928, 0.08653,489.97970, 9.98628,-0.17832, 0.01924, 8.33251, 0.12919, 0.19240,-0.01740, 2.54227, 0.44673,245.83431,1758.39590,2181.15859,-10.71627, 0.25742,-0.75940,
 1.50000,742.58087,-0.68108,5034.44672, 0.03860,17.35195, 0.10224,488.75063,10.31438,-0.19851, 0.02120,10.21444, 0.15778, 0.23167,-0.01402, 2.86193, 0.44562,244.56038,1758.01959,2181.15859,-4.71627, 0.26324,-0.65353,
 1.60000,790.98099,-0.77170,5040.73561, 0.04630,18.24979, 0.12022,487.37787,10.47015,-0.21934, 0.02577, 6.93915, 0.17290, 0.24387,-0.01123, 3.00029, 0.44438,243.14237,1757.60547,2181.15859, 0.54157, 0.29276,-0.58055,
 1.70000,839.15977,-0.86573,5047.62463, 0.05452,18.78815, 0.13890,486.02174,10.31272,-0.24043, 0.02368, 4.75538, 0.17115, 0.22187,-0.01186, 2.67921, 0.44316,241.74091,1757.15193,2181.15859,-5.45843, 0.29241,-0.74017,
 1.80000,887.12734,-0.96323,5055.03563, 0.06308,19.36921, 0.15808,484.71694,10.28429,-0.26226, 0.02260, 7.32858, 0.18165, 0.21534,-0.01233, 2.62481, 0.44198,240.39091,1756.66412,2181.15859,-8.00810, 0.29194,-0.92050,
 1.90000,934.87827,-1.06422,5062.95099, 0.07282,20.13416, 0.17973,483.32218,10.38099,-0.28547, 0.02508, 7.10844, 0.20433, 0.23588,-0.00914, 2.84148, 0.44072,238.95237,1756.14324,2181.15859,-2.00810, 0.32753,-0.79539,
 2.00000,982.38953,-1.16784,5071.41625, 0.08337,20.69845, 0.20261,481.88595,10.26184,-0.30895, 0.02527, 4.80896, 0.20465, 0.21917,-0.00850, 2.64088, 0.43942,237.47368,1755.58630,2181.15859,-4.93016, 0.35727,-0.86629,
 2.10000,1029.66505,-1.27383,5080.38460, 0.09410,21.24989, 0.22573,480.49033,10.20495,-0.33278, 0.02475, 6.33859, 0.21620, 0.21601,-0.00901, 2.61982, 0.43816,236.03624,1754.99643,2181.15859,-5.68142, 0.35509,-1.05585,
 2.20000,1076.69976,-1.38213,5089.84210, 0.10610,21.83055, 0.25124,479.03454,10.13543,-0.35793, 0.02735, 4.90785, 0.23040, 0.21685,-0.00606, 2.62333, 0.43685,234.54116,1754.37455,2181.15859,-3.72129, 0.41735,-0.92832,
 2.30000,1123.48613,-1.49210,5099.78518, 0.11823,22.33983, 0.27681,477.59637,10.04289,-0.38282, 0.02453, 5.42549, 0.23336, 0.21112,-0.00707, 2.56947, 0.43556,233.06503,1753.72094,2181.15859,-4.52617, 0.40798,-1.16395,
 2.40000,1170.02296,-1.60367,5110.19120, 0.13136,22.83816, 0.30425,476.13605, 9.93608,-0.40885, 0.02409, 4.93661, 0.24039, 0.20355,-0.00487, 2.48872, 0.43424,231.56919,1753.03710,2181.15859,-5.37765, 0.45933,-1.11388,
 2.50000,1216.30727,-1.71634,5121.04562, 0.14470,23.31384, 0.33229,474.67186, 9.82432,-0.43502, 0.02300, 4.66255, 0.25220, 0.20078,-0.00405, 2.46096, 0.43292,230.07175,1752.32403,2181.15859,-4.76390, 0.46245,-1.19564,
 2.60000,1262.33705,-1.82981,5132.33268, 0.15856,23.76560, 0.36146,473.20344, 9.70406,-0.46161, 0.02105, 4.41591, 0.25833, 0.19664,-0.00296, 2.41867, 0.43160,228.57258,1751.58278,2181.15859,-4.54814, 0.47341,-1.25250,
 2.70000,1308.11109,-1.94369,5144.03594, 0.17281,24.19485, 0.39153,471.73218, 9.57707,-0.48851, 0.01925, 4.18906, 0.26567, 0.19207,-0.00182, 2.37190, 0.43028,227.07319,1750.81447,2181.15859,-4.44380, 0.48516,-1.30562,
 2.80000,1353.62878,-2.05761,5156.13887, 0.18740,24.60261, 0.42244,470.25926, 9.44461,-0.51566, 0.01706, 3.97556, 0.27170, 0.18738,-0.00072, 2.32372, 0.42895,225.57494,1750.02020,2181.15859,-4.36553, 0.49562,-1.36240,
 2.90000,1398.89007,-2.17120,5168.62489, 0.20229,24.98971, 0.45414,468.78570, 9.30778,-0.54300, 0.01471, 3.77201, 0.27730, 0.18268, 0.00041, 2.27506, 0.42763,224.07896,1749.20110,2181.15859,-4.29157, 0.50596,-1.41702,
 3.00000,1443.89545,-2.28410,5181.47742, 0.21742,25.35694, 0.48654,467.31238, 9.16754,-0.57047, 0.01218, 3.57684, 0.28224, 0.17800, 0.00152, 2.22628, 0.42630,222.58626,1748.35828,2181.15859,-4.21754, 0.51546,-1.47245,
 3.10000,1488.64584,-2.39596,5194.68002, 0.23275,25.70506, 0.51958,465.84000, 9.02475,-0.59801, 0.00950, 3.38935, 0.28658, 0.17338, 0.00264, 2.17760, 0.42498,221.09766,1747.49284,2181.15859,-4.14312, 0.52440,-1.52741,
 3.20000,1533.14263,-2.50643,5208.21636, 0.24822,26.03480, 0.55318,464.36914, 8.88020,-0.62556, 0.00671, 3.20913, 0.29031, 0.16884, 0.00374, 2.12918, 0.42366,219.61384,1746.60588,2181.15859,-4.06872, 0.53270,-1.58222,
 3.30000,1577.38756,-2.61516,5222.07035, 0.26379,26.34686, 0.58727,462.90028, 8.73458,-0.65305, 0.00381, 3.03591, 0.29344, 0.16441, 0.00483, 2.08117, 0.42234,218.13538,1745.69849,2181.15859,-3.99473, 0.54041,-1.63667,
 3.40000,1621.38271,-2.72182,5236.22612, 0.27942,26.64193, 0.62177,461.43377, 8.58851,-0.68043, 0.00085, 2.86946, 0.29596, 0.16009, 0.00592, 2.03369, 0.42103,216.66273,1744.77172,2181.15859,-3.92145, 0.54754,-1.69069,
 3.50000,1665.13049,-2.82606,5250.66810, 0.29504,26.92067, 0.65660,459.96990, 8.44255,-0.70764,-0.00218, 2.70956, 0.29787, 0.15590, 0.00698, 1.98687, 0.41971,215.19628,1743.82662,2181.15859,-3.84911, 0.55413,-1.74418,
 3.60000,1708.63355,-2.92757,5265.38105, 0.31063,27.18374, 0.69169,458.50887, 8.29718,-0.73463,-0.00523, 2.55600, 0.29919, 0.15184, 0.00804, 1.94079, 0.41840,213.73632,1742.86421,2181.15859,-3.77790, 0.56019,-1.79702,
 3.70000,1751.89477,-3.02603,5280.35004, 0.32614,27.43175, 0.72695,457.05085, 8.15284,-0.76132,-0.00830, 2.40858, 0.29991, 0.14794, 0.00907, 1.89553, 0.41709,212.28309,1741.88549,2181.15859,-3.70795, 0.56576,-1.84914,
 3.80000,1794.91724,-3.12113,5295.56052, 0.34152,27.66530, 0.76233,455.59595, 8.00993,-0.78768,-0.01136, 2.26710, 0.30004, 0.14418, 0.01009, 1.85117, 0.41579,210.83678,1740.89144,2181.15859,-3.63940, 0.57085,-1.90041,
 3.90000,1837.70421,-3.21257,5310.99831, 0.35673,27.88499, 0.79774,454.14421, 7.86877,-0.81363,-0.01439, 2.13135, 0.29960, 0.14058, 0.01108, 1.80776, 0.41449,209.39753,1739.88300,2181.15859,-3.57234, 0.57549,-1.95075,
 4.00000,1880.25908,-3.30005,5326.64962, 0.37173,28.09138, 0.83310,452.69569, 7.72968,-0.83914,-0.01738, 2.00116, 0.29858, 0.13713, 0.01205, 1.76535, 0.41319,207.96545,1738.86109,2181.15859,-3.50686, 0.57971,-2.00005,
 4.10000,1922.58536,-3.38330,5342.50103, 0.38650,28.28500, 0.86834,451.25040, 7.59290,-0.86415,-0.02030, 1.87631, 0.29700, 0.13384, 0.01299, 1.72396, 0.41189,206.54063,1737.82661,2181.15859,-3.44304, 0.58353,-2.04821,
 4.20000,1964.68666,-3.46203,5358.53954, 0.40099,28.46640, 0.90340,449.80833, 7.45868,-0.88860,-0.02315, 1.75664, 0.29487, 0.13070, 0.01390, 1.68363, 0.41060,205.12313,1736.78042,2181.15859,-3.38093, 0.58696,-2.09515,
 4.30000,2006.56665,-3.53599,5374.75255, 0.41517,28.63608, 0.93820,448.36946, 7.32719,-0.91246,-0.02590, 1.64196, 0.29220, 0.12772, 0.01479, 1.64438, 0.40931,203.71299,1735.72337,2181.15859,-3.32057, 0.59002,-2.14077,
 4.40000,2048.22908,-3.60492,5391.12786, 0.42901,28.79452, 0.97267,446.93376, 7.19863,-0.93567,-0.02854, 1.53208, 0.28901, 0.12488, 0.01564, 1.60623, 0.40803,202.31025,1734.65626,2181.15859,-3.26200, 0.59274,-2.18497,
 4.50000,2089.67770,-3.66858,5407.65365, 0.44248,28.94221, 1.00675,445.50120, 7.07312,-0.95819,-0.03105, 1.42685, 0.28531, 0.12220, 0.01646, 1.56917, 0.40674,200.91492,1733.57988,2181.15859,-3.20524, 0.59512,-2.22769,
 4.60000,2130.91631,-3.72674,5424.31853, 0.45556,29.07959, 1.04037,444.07174, 6.95080,-0.97998,-0.03344, 1.32609, 0.28110, 0.11965, 0.01725, 1.53322, 0.40546,199.52703,1732.49499,2181.15859,-3.15031, 0.59717,-2.26882,
 4.70000,2171.94870,-3.77916,5441.11147, 0.46822,29.20711, 1.07347,442.64534, 6.83175,-1.00101,-0.03567, 1.22963, 0.27642, 0.11725, 0.01800, 1.49837, 0.40419,198.14657,1731.40231,2181.15859,-3.09722, 0.59892,-2.30830,
 4.80000,2212.77866,-3.82565,5458.02185, 0.48045,29.32520, 1.10599,441.22196, 6.71607,-1.02122,-0.03775, 1.13733, 0.27127, 0.11498, 0.01871, 1.46462, 0.40291,196.77357,1730.30256,2181.15859,-3.04597, 0.60036,-2.34605,
 4.90000,2253.40995,-3.86600,5475.03942, 0.49221,29.43425, 1.13787,439.80158, 6.60382,-1.04059,-0.03966, 1.04901, 0.26567, 0.11284, 0.01939, 1.43196, 0.40164,195.40802,1729.19640,2181.15859,-2.99655, 0.60150,-2.38201,
 5.00000,2293.84633,-3.90002,5492.15432, 0.50351,29.53466, 1.16905,438.38415, 6.49506,-1.05909,-0.04140, 0.96454, 0.25964, 0.11083, 0.02002, 1.40039, 0.40037,194.04994,1728.08448,2181.15859,-2.94896, 0.60234,-2.41609,
 5.10000,2334.09148,-3.92755,5509.35703, 0.51431,29.62682, 1.19948,436.96965, 6.38980,-1.07668,-0.04295, 0.88377, 0.25320, 0.10894, 0.02062, 1.36987, 0.39910,192.69932,1726.96745,2181.15859,-2.90318, 0.60290,-2.44826,
 5.20000,2374.14908,-3.94841,5526.63841, 0.52461,29.71108, 1.22911,435.55806, 6.28810,-1.09334,-0.04432, 0.80655, 0.24636, 0.10717, 0.02118, 1.34041, 0.39784,191.35618,1725.84589,2181.15859,-2.85920, 0.60317,-2.47844,
 5.30000,2414.02273,-3.96245,5543.98967, 0.53440,29.78779, 1.25789,434.14936, 6.18994,-1.10904,-0.04550, 0.73276, 0.23914, 0.10550, 0.02169, 1.31199, 0.39658,190.02053,1724.72038,2181.15859,-2.81700, 0.60315,-2.50659,
 5.40000,2453.71597,-3.96954,5561.40235, 0.54367,29.85728, 1.28578,432.74355, 6.09535,-1.12376,-0.04647, 0.66225, 0.23157, 0.10395, 0.02216, 1.28458, 0.39532,188.69238,1723.59149,2181.15859,-2.77655, 0.60284,-2.53266,
 5.50000,2493.23229,-3.96954,5578.86834, 0.55241,29.91990, 1.31273,431.34061, 6.00432,-1.13747,-0.04725, 0.59491, 0.22366, 0.10249, 0.02259, 1.25816, 0.39406,187.37174,1722.45974,2181.15859,-2.73783, 0.60225,-2.55660,
 5.60000,2532.57511,-3.96235,5596.37984, 0.56062,29.97593, 1.33870,429.94054, 5.91683,-1.15016,-0.04782, 0.53060, 0.21542, 0.10114, 0.02298, 1.23272, 0.39281,186.05862,1721.32564,2181.15859,-2.70082, 0.60136,-2.57839,
 5.70000,2571.74777,-3.94786,5613.92936, 0.56829,30.02569, 1.36365,428.54337, 5.83286,-1.16181,-0.04819, 0.46920, 0.20689, 0.09987, 0.02332, 1.20824, 0.39156,184.75306,1720.18968,2181.15859,-2.66548, 0.60018,-2.59798,
 5.80000,2610.75355,-3.92598,5631.50973, 0.57543,30.06945, 1.38755,427.14909, 5.75240,-1.17241,-0.04835, 0.41061, 0.19808, 0.09869, 0.02363, 1.18468, 0.39031,183.45506,1719.05232,2181.15859,-2.63178, 0.59870,-2.61535,
 5.90000,2649.59565,-3.89663,5649.11408, 0.58204,30.10750, 1.41037,425.75773, 5.67540,-1.18194,-0.04831, 0.35471, 0.18901, 0.09760, 0.02388, 1.16203, 0.38906,182.16465,1717.91403,2181.15859,-2.59969, 0.59692,-2.63047,
 6.00000,2688.27718,-3.85975,5666.73582, 0.58811,30.14009, 1.43207,424.36930, 5.60184,-1.19040,-0.04806, 0.30139, 0.17969, 0.09659, 0.02410, 1.14027, 0.38782,180.88185,1716.77522,2181.15859,-2.56918, 0.59484,-2.64333,
 6.10000,2726.80117,-3.81529,5684.36862, 0.59365,30.16749, 1.45263,422.98385, 5.53167,-1.19777,-0.04761, 0.25054, 0.17016, 0.09565, 0.02427, 1.11936, 0.38658,179.60668,1715.63630,2181.15859,-2.54022, 0.59245,-2.65391,
 6.20000,2765.17059,-3.76320,5702.00645, 0.59867,30.18992, 1.47202,421.60140, 5.46485,-1.20405,-0.04695, 0.20207, 0.16043, 0.09479, 0.02441, 1.09930, 0.38534,178.33918,1714.49767,2181.15859,-2.51277, 0.58976,-2.66219,
 6.30000,2803.38831,-3.70346,5719.64352, 0.60318,30.20764, 1.49023,420.22198, 5.40133,-1.20924,-0.04609, 0.15588, 0.15051, 0.09399, 0.02450, 1.08004, 0.38410,177.07937,1713.35969,2181.15859,-2.48680, 0.58674,-2.66817,
 6.40000,2841.45713,-3.63605,5737.27431, 0.60717,30.22085, 1.50723,418.84564, 5.34106,-1.21334,-0.04504, 0.11188, 0.14043, 0.09326, 0.02455, 1.06157, 0.38287,175.82727,1712.22273,2181.15859,-2.46228, 0.58341,-2.67185,
 6.50000,2879.37975,-3.56097,5754.89352, 0.61067,30.22979, 1.52300,417.47243, 5.28400,-1.21634,-0.04380, 0.06997, 0.13021, 0.09259, 0.02456, 1.04387, 0.38164,174.58292,1711.08712,2181.15859,-2.43917, 0.57977,-2.67323,
 6.60000,2917.15880,-3.47822,5772.49610, 0.61368,30.23464, 1.53753,416.10238, 5.23008,-1.21825,-0.04236, 0.03008, 0.11986, 0.09198, 0.02453, 1.02691, 0.38041,173.34634,1709.95319,2181.15859,-2.41743, 0.57580,-2.67231,
 6.70000,2954.79685,-3.38783,5790.07723, 0.61621,30.23561, 1.55081,414.73555, 5.17926,-1.21906,-0.04074,-0.00789, 0.10941, 0.09143, 0.02446, 1.01067, 0.37918,172.11756,1708.82125,2181.15859,-2.39704, 0.57151,-2.66911,
 6.80000,2992.29636,-3.28981,5807.63230, 0.61828,30.23289, 1.56284,413.37200, 5.13147,-1.21879,-0.03894,-0.04402, 0.09887, 0.09092, 0.02435, 0.99513, 0.37796,170.89660,1707.69158,2181.15859,-2.37795, 0.56689,-2.66363,
 6.90000,3029.65971,-3.18422,5825.15691, 0.61989,30.22665, 1.57359,412.01177, 5.08667,-1.21745,-0.03697,-0.07837, 0.08827, 0.09047, 0.02421, 0.98025, 0.37674,169.68350,1706.56448,2181.15859,-2.36014, 0.56195,-2.65588,
 7.00000,3066.88924,-3.07110,5842.64687, 0.62107,30.21708, 1.58307,410.65492, 5.04478,-1.21503,-0.03483,-0.11103, 0.07761, 0.09007, 0.02403, 0.96603, 0.37553,168.47827,1705.44020,2181.15859,-2.34358, 0.55668,-2.64589,
 7.10000,3103.98716,-2.95051,5860.09818, 0.62183,30.20433, 1.59127,409.30151, 5.00575,-1.21156,-0.03252,-0.14207, 0.06692, 0.08970, 0.02381, 0.95244, 0.37431,167.28095,1704.31900,2181.15859,-2.32822, 0.55109,-2.63369,
 7.20000,3140.95566,-2.82253,5877.50703, 0.62219,30.18856, 1.59819,407.95160, 4.96946,-1.20702,-0.02999,-0.17173, 0.05608, 0.08941, 0.02361, 0.93969, 0.37310,166.09156,1703.20112,2181.15859,-2.31678, 0.54605,-2.62045,
 7.30000,3177.79678,-2.68722,5894.86988, 0.62214,30.16992, 1.60382,406.60524, 4.93579,-1.20141,-0.02734,-0.19984, 0.04523, 0.08915, 0.02336, 0.92753, 0.37189,164.91011,1702.08678,2181.15859,-2.30649, 0.54055,-2.60646,
 7.40000,3214.51251,-2.54466,5912.18332, 0.62173,30.14855, 1.60815,405.26249, 4.90468,-1.19476,-0.02454,-0.22652, 0.03439, 0.08893, 0.02308, 0.91589, 0.37069,163.73663,1700.97620,2181.15859,-2.29716, 0.53477,-2.58947,
 7.50000,3251.10477,-2.39494,5929.44414, 0.62095,30.12459, 1.61120,403.92343, 4.87610,-1.18706,-0.02160,-0.25184, 0.02358, 0.08873, 0.02276, 0.90477, 0.36949,162.57114,1699.86958,2181.15859,-2.28866, 0.52855,-2.57034,
 7.60000,3287.57543,-2.23817,5946.64926, 0.61983,30.09818, 1.61298,402.58809, 4.85000,-1.17835,-0.01854,-0.27585, 0.01280, 0.08857, 0.02241, 0.89413, 0.36829,161.41366,1698.76710,2181.15859,-2.28095, 0.52198,-2.54882,
 7.70000,3323.92627,-2.07444,5963.79575, 0.61839,30.06944, 1.61347,401.25655, 4.82634,-1.16864,-0.01535,-0.29860, 0.00207, 0.08844, 0.02203, 0.88396, 0.36709,160.26419,1697.66895,2181.15859,-2.27399, 0.51504,-2.52506,
 7.80000,3360.15905,-1.90388,5980.88082, 0.61664,30.03849, 1.61271,399.92886, 4.80508,-1.15795,-0.01205,-0.32016,-0.00858, 0.08834, 0.02161, 0.87426, 0.36590,159.12276,1696.57531,2181.15859,-2.26777, 0.50775,-2.49907,
 7.90000,3396.27543,-1.72661,5997.90181, 0.61459,30.00547, 1.61070,398.60507, 4.78616,-1.14630,-0.00865,-0.34056,-0.01914, 0.08827, 0.02117, 0.86500, 0.36471,157.98937,1695.48633,2181.15859,-2.26227, 0.50012,-2.47090,
 8.00000,3432.27703,-1.54277,6014.85620, 0.61228,29.97046, 1.60745,397.28526, 4.76955,-1.13371,-0.00514,-0.35987,-0.02960, 0.08822, 0.02070, 0.85617, 0.36353,156.86403,1694.40217,2181.15859,-2.25747, 0.49215,-2.44062,
 8.10000,3468.16543,-1.35250,6031.74160, 0.60971,29.93360, 1.60298,395.96947, 4.75520,-1.12020,-0.00153,-0.37812,-0.03995, 0.08819, 0.02021, 0.84775, 0.36235,155.74676,1693.32298,2181.15859,-2.25337, 0.48385,-2.40826,
 8.20000,3503.94213,-1.15594,6048.55572, 0.60692,29.89496, 1.59731,394.65776, 4.74306,-1.10581, 0.00215,-0.39536,-0.05017, 0.08819, 0.01969, 0.83973, 0.36117,154.63754,1692.24890,2181.15859,-2.24993, 0.47523,-2.37390,
 8.30000,3539.60860,-0.95327,6065.29641, 0.60390,29.85467, 1.59045,393.35018, 4.73309,-1.09054, 0.00592,-0.41164,-0.06024, 0.08821, 0.01915, 0.83210, 0.36000,153.53640,1691.18005,2181.15859,-2.24714, 0.46630,-2.33757,
 8.40000,3575.16623,-0.74462,6081.96162, 0.60069,29.81280, 1.58243,392.04679, 4.72523,-1.07443, 0.00976,-0.42700,-0.07016, 0.08825, 0.01858, 0.82484, 0.35882,152.44332,1690.11656,2181.15859,-2.24499, 0.45706,-2.29935,
 8.50000,3610.61640,-0.53019,6098.54941, 0.59731,29.76945, 1.57326,390.74764, 4.71946,-1.05751, 0.01366,-0.44148,-0.07991, 0.08832, 0.01799, 0.81794, 0.35766,151.35831,1689.05854,2181.15859,-2.24346, 0.44752,-2.25929,
 8.60000,3645.96040,-0.31013,6115.05795, 0.59376,29.72470, 1.56296,389.45277, 4.71571,-1.03979, 0.01761,-0.45512,-0.08948, 0.08840, 0.01739, 0.81138, 0.35649,150.28137,1688.00611,2181.15859,-2.24254, 0.43768,-2.21745,
 8.70000,3681.19951,-0.08464,6131.48550, 0.59008,29.67864, 1.55157,388.16225, 4.71395,-1.02131, 0.02162,-0.46795,-0.09887, 0.08850, 0.01677, 0.80516, 0.35533,149.21248,1686.95937,2181.15859,-2.24222, 0.42756,-2.17389,
 8.80000,3716.33494, 0.14611,6147.83042, 0.58627,29.63134, 1.53910,386.87612, 4.71413,-1.00209, 0.02566,-0.48002,-0.10805, 0.08862, 0.01613, 0.79925, 0.35418,148.15165,1685.91841,2181.15859,-2.24246, 0.41715,-2.12867,
 8.90000,3751.36787, 0.38193,6164.09117, 0.58237,29.58289, 1.52559,385.59442, 4.71620,-0.98216, 0.02974,-0.49135,-0.11702, 0.08875, 0.01547, 0.79365, 0.35303,147.09886,1684.88333,2181.15859,-2.24328, 0.40647,-2.08187,
 9.00000,3786.29944, 0.62263,6180.26629, 0.57838,29.53334, 1.51105,384.31720, 4.72013,-0.96155, 0.03384,-0.50198,-0.12577, 0.08891, 0.01481, 0.78835, 0.35188,146.05410,1683.85420,2181.15859,-2.24464, 0.39551,-2.03354,
 9.10000,3821.13073, 0.86801,6196.35441, 0.57432,29.48277, 1.49553,383.04450, 4.72587,-0.94029, 0.03797,-0.51194,-0.13430, 0.08907, 0.01412, 0.78333, 0.35073,145.01735,1682.83111,2181.15859,-2.24654, 0.38428,-1.98375,
 9.20000,3855.86281, 1.11787,6212.35424, 0.57021,29.43125, 1.47903,381.77637, 4.73338,-0.91841, 0.04210,-0.52126,-0.14259, 0.08926, 0.01343, 0.77858, 0.34959,143.98860,1681.81414,2181.15859,-2.24896, 0.37280,-1.93257,
 9.30000,3890.49669, 1.37201,6228.26458, 0.56607,29.37883, 1.46160,380.51284, 4.74261,-0.89593, 0.04624,-0.52998,-0.15063, 0.08945, 0.01273, 0.77410, 0.34846,142.96784,1680.80334,2181.15859,-2.25190, 0.36105,-1.88005,
 9.40000,3925.03336, 1.63022,6244.08428, 0.56191,29.32557, 1.44327,379.25395, 4.75353,-0.87289, 0.05037,-0.53811,-0.15843, 0.08967, 0.01202, 0.76987, 0.34732,141.95505,1679.79878,2181.15859,-2.25534, 0.34905,-1.82628,
 9.50000,3959.47375, 1.89232,6259.81229, 0.55776,29.27154, 1.42406,377.99974, 4.76609,-0.84932, 0.05450,-0.54569,-0.16596, 0.08989, 0.01130, 0.76588, 0.34619,140.95019,1678.80053,2181.15859,-2.25927, 0.33681,-1.77131,
 9.60000,3993.81879, 2.15807,6275.44762, 0.55362,29.21678, 1.40401,376.75024, 4.78027,-0.82524, 0.05860,-0.55274,-0.17324, 0.09013, 0.01058, 0.76212, 0.34507,139.95326,1677.80864,2181.15859,-2.26368, 0.32432,-1.71522,
 9.70000,4028.06935, 2.42729,6290.98934, 0.54951,29.16135, 1.38315,375.50549, 4.79600,-0.80068, 0.06269,-0.55929,-0.18024, 0.09037, 0.00985, 0.75859, 0.34395,138.96422,1676.82315,2181.15859,-2.26855, 0.31160,-1.65807,
 9.80000,4062.22629, 2.69976,6306.43658, 0.54545,29.10529, 1.36152,374.26552, 4.81327,-0.77568, 0.06675,-0.56536,-0.18697, 0.09063, 0.00911, 0.75527, 0.34283,137.98306,1675.84411,2181.15859,-2.27389, 0.29864,-1.59993,
 9.90000,4096.29043, 2.97526,6321.78856, 0.54145,29.04865, 1.33913,373.03036, 4.83203,-0.75027, 0.07077,-0.57096,-0.19343, 0.09090, 0.00837, 0.75215, 0.34172,137.00973,1674.87157,2181.15859,-2.27967, 0.28546,-1.54087,
10.00000,4130.26256, 3.25360,6337.04453, 0.53752,28.99148, 1.31604,371.80003, 4.85225,-0.72447, 0.07475,-0.57614,-0.19960, 0.09119, 0.00763, 0.74923, 0.34061,136.04422,1673.90556,2181.15859,-2.28589, 0.27206,-1.48095,
10.10000,4164.14345, 3.53456,6352.20380, 0.53368,28.93382, 1.29227,370.57456, 4.87388,-0.69831, 0.07869,-0.58089,-0.20548, 0.09148, 0.00689, 0.74650, 0.33951,135.08648,1672.94611,2181.15859,-2.29254, 0.25845,-1.42025,
10.20000,4197.93383, 3.81794,6367.26575, 0.52995,28.87571, 1.26786,369.35398, 4.89691,-0.67183, 0.08257,-0.58526,-0.21108, 0.09178, 0.00615, 0.74395, 0.33841,134.13650,1671.99327,2181.15859,-2.29961, 0.24463,-1.35883,
10.30000,4231.63442, 4.10352,6382.22979, 0.52633,28.81718, 1.24284,368.13831, 4.92128,-0.64506, 0.08640,-0.58924,-0.21638, 0.09209, 0.00541, 0.74157, 0.33731,133.19423,1671.04705,2181.15859,-2.30709, 0.23061,-1.29677,
10.40000,4265.24591, 4.39110,6397.09540, 0.52283,28.75827, 1.21725,366.92758, 4.94697,-0.61802, 0.09016,-0.59287,-0.22139, 0.09241, 0.00467, 0.73935, 0.33622,132.25965,1670.10748,2181.15859,-2.31497, 0.21639,-1.23411,
10.50000,4298.76897, 4.68048,6411.86210, 0.51947,28.69902, 1.19111,365.72180, 4.97395,-0.59074, 0.09386,-0.59616,-0.22610, 0.09273, 0.00393, 0.73730, 0.33514,131.33271,1669.17459,2181.15859,-2.32325, 0.20198,-1.17095,
10.60000,4332.20424, 4.97144,6426.52944, 0.51626,28.63946, 1.16447,364.52099, 5.00218,-0.56326, 0.09750,-0.59913,-0.23052, 0.09307, 0.00320, 0.73541, 0.33405,130.41337,1668.24839,2181.15859,-2.33192, 0.18741,-1.10733,
10.70000,4365.55234, 5.26380,6441.09705, 0.51321,28.57962, 1.13736,363.32517, 5.03158,-0.53558, 0.10120,-0.60189,-0.23475, 0.09343, 0.00250, 0.73382, 0.33298,129.50161,1667.32889,2181.15859,-2.34293, 0.17464,-1.04443,
10.80000,4398.81386, 5.55736,6455.56463, 0.51034,28.51952, 1.10980,362.13436, 5.06207,-0.50772, 0.10478,-0.60434,-0.23868, 0.09379, 0.00180, 0.73237, 0.33190,128.59737,1666.41612,2181.15859,-2.35409, 0.16159,-0.98201,
10.90000,4431.98936, 5.85194,6469.93190, 0.50765,28.45919, 1.08182,360.94856, 5.09363,-0.47972, 0.10829,-0.60651,-0.24233, 0.09416, 0.00111, 0.73105, 0.33083,127.70063,1665.51007,2181.15859,-2.36567, 0.14859,-0.91896,
11.00000,4465.07938, 6.14734,6484.19865, 0.50515,28.39866, 1.05346,359.76781, 5.12624,-0.45158, 0.11172,-0.60842,-0.24571, 0.09454, 0.00043, 0.72984, 0.32977,126.81133,1664.61075,2181.15859,-2.37763, 0.13557,-0.85579,
11.10000,4498.08446, 6.44339,6498.36468, 0.50285,28.33796, 1.02475,358.59210, 5.15986,-0.42335, 0.11507,-0.61009,-0.24882, 0.09493,-0.00025, 0.72875, 0.32871,125.92945,1663.71817,2181.15859,-2.38991, 0.12255,-0.79242,
11.20000,4531.00510, 6.73991,6512.42983, 0.50075,28.27709, 0.99572,357.42146, 5.19448,-0.39504, 0.11833,-0.61152,-0.25165, 0.09532,-0.00092, 0.72777, 0.32765,125.05492,1662.83233,2181.15859,-2.40249, 0.10953,-0.72893,
11.30000,4563.84181, 7.03672,6526.39398, 0.49887,28.21610, 0.96640,356.25589, 5.23006,-0.36668, 0.12150,-0.61273,-0.25420, 0.09572,-0.00158, 0.72689, 0.32660,124.18772,1661.95322,2181.15859,-2.41538, 0.09653,-0.66537,
11.40000,4596.59507, 7.33365,6540.25702, 0.49720,28.15500, 0.93682,355.09540, 5.26659,-0.33829, 0.12458,-0.61374,-0.25649, 0.09612,-0.00223, 0.72611, 0.32555,123.32780,1661.08085,2181.15859,-2.42856, 0.08356,-0.60179,
11.50000,4629.26535, 7.63054,6554.01890, 0.49576,28.09381, 0.90702,353.94000, 5.30404,-0.30990, 0.12757,-0.61454,-0.25851, 0.09653,-0.00287, 0.72543, 0.32451,122.47512,1660.21521,2181.15859,-2.44203, 0.07061,-0.53824,
11.60000,4661.85311, 7.92721,6567.67956, 0.49455,28.03255, 0.87702,352.78971, 5.34239,-0.28152, 0.13046,-0.61515,-0.26027, 0.09695,-0.00351, 0.72483, 0.32347,121.62963,1659.35630,2181.15859,-2.45577, 0.05770,-0.47477,
11.70000,4694.35880, 8.22351,6581.23899, 0.49358,27.97124, 0.84685,351.64453, 5.38161,-0.25318, 0.13325,-0.61558,-0.26176, 0.09737,-0.00413, 0.72432, 0.32244,120.79128,1658.50410,2181.15859,-2.46978, 0.04484,-0.41142,
11.80000,4726.78285, 8.51929,6594.69720, 0.49284,27.90990, 0.81655,350.50446, 5.42170,-0.22491, 0.13595,-0.61584,-0.26300, 0.09779,-0.00474, 0.72389, 0.32141,119.96003,1657.65862,2181.15859,-2.48404, 0.03202,-0.34824,
11.90000,4759.12568, 8.81439,6608.05421, 0.49235,27.84854, 0.78614,349.36951, 5.46262,-0.19671, 0.13854,-0.61593,-0.26398, 0.09822,-0.00534, 0.72354, 0.32038,119.13585,1656.81983,2181.15859,-2.49856, 0.01927,-0.28528,
12.00000,4791.38770, 9.10866,6621.31009, 0.49210,27.78717, 0.75566,348.23970, 5.50437,-0.16861, 0.14103,-0.61588,-0.26471, 0.09866,-0.00593, 0.72327, 0.31936,118.31867,1655.98774,2181.15859,-2.51332, 0.00658,-0.22258,
12.10000,4823.56933, 9.40196,6634.46491, 0.49210,27.72583, 0.72512,347.11501, 5.54691,-0.14064, 0.14342,-0.61567,-0.26519, 0.09910,-0.00651, 0.72306, 0.31835,117.50845,1655.16232,2181.15859,-2.52832,-0.00604,-0.16019,
12.20000,4855.67094, 9.69415,6647.51875, 0.49235,27.66450, 0.69456,345.99546, 5.59023,-0.11281, 0.14570,-0.61533,-0.26542, 0.09954,-0.00708, 0.72293, 0.31734,116.70516,1654.34356,2181.15859,-2.54354,-0.01858,-0.09814,
12.30000,4887.69294, 9.98509,6660.47174, 0.49286,27.60322, 0.66400,344.88105, 5.63432,-0.08514, 0.14787,-0.61486,-0.26542, 0.09999,-0.00764, 0.72285, 0.31633,115.90873,1653.53145,2181.15859,-2.55898,-0.03104,-0.03648,
12.40000,4919.63568,10.27466,6673.32401, 0.49362,27.54200, 0.63347,343.77178, 5.67915,-0.05765, 0.14994,-0.61427,-0.26518, 0.10044,-0.00818, 0.72284, 0.31533,115.11913,1652.72598,2181.15859,-2.57465,-0.04341, 0.02475,
12.50000,4951.49954,10.56273,6686.07570, 0.49464,27.48084, 0.60300,342.66766, 5.72471,-0.03036, 0.15190,-0.61356,-0.26471, 0.10090,-0.00871, 0.72288, 0.31433,114.33631,1651.92712,2181.15859,-2.59051,-0.05568, 0.08551,
12.60000,4983.28489,10.84918,6698.72699, 0.49591,27.41975, 0.57261,341.56868, 5.77098,-0.00328, 0.15376,-0.61273,-0.26401, 0.10136,-0.00923, 0.72298, 0.31333,113.56021,1651.13486,2181.15859,-2.60659,-0.06786, 0.14577,
12.70000,5014.99207,11.13390,6711.27804, 0.49745,27.35876, 0.54233,340.47485, 5.81798, 0.02358, 0.15554,-0.61178,-0.26308, 0.10182,-0.00972, 0.72302, 0.31235,112.79081,1650.34918,2181.15859,-2.62250,-0.07954, 0.20561,
12.80000,5046.62144,11.41677,6723.72903, 0.49925,27.29786, 0.51218,339.38619, 5.86572, 0.05019, 0.15720,-0.61074,-0.26194, 0.10228,-0.01021, 0.72311, 0.31136,112.02805,1649.57006,2181.15859,-2.63867,-0.09102, 0.26505,
12.90000,5078.17336,11.69769,6736.08014, 0.50130,27.23707, 0.48219,338.30271, 5.91420, 0.07655, 0.15876,-0.60960,-0.26061, 0.10275,-0.01068, 0.72326, 0.31038,111.27191,1648.79748,2181.15859,-2.65510,-0.10245, 0.32382,
13.00000,5109.64817,11.97656,6748.33155, 0.50362,27.17640, 0.45237,337.22440, 5.96338, 0.10263, 0.16020,-0.60838,-0.25907, 0.10322,-0.01114, 0.72346, 0.30941,110.52232,1648.03142,2181.15859,-2.67185,-0.11383, 0.38195,
13.10000,5141.04622,12.25329,6760.48348, 0.50619,27.11586, 0.42275,336.15125, 6.01325, 0.12843, 0.16153,-0.60707,-0.25733, 0.10369,-0.01159, 0.72371, 0.30844,109.77924,1647.27187,2181.15859,-2.68890,-0.12514, 0.43940,
13.20000,5172.36784,12.52778,6772.53616, 0.50902,27.05545, 0.39336,335.08327, 6.06379, 0.15392, 0.16274,-0.60568,-0.25541, 0.10417,-0.01203, 0.72401, 0.30747,109.04263,1646.51881,2181.15859,-2.70626,-0.13637, 0.49613,
13.30000,5203.61336,12.79995,6784.48981, 0.51210,26.99518, 0.36420,334.02046, 6.11499, 0.17911, 0.16386,-0.60423,-0.25330, 0.10466,-0.01246, 0.72435, 0.30651,108.31243,1645.77220,2181.15859,-2.72390,-0.14753, 0.55212,
13.40000,5234.78310,13.06972,6796.34470, 0.51544,26.93506, 0.33530,332.96281, 6.16683, 0.20396, 0.16486,-0.60270,-0.25100, 0.10515,-0.01287, 0.72474, 0.30555,107.58860,1645.03203,2181.15859,-2.74184,-0.15862, 0.60733,
13.50000,5265.87737,13.33700,6808.10108, 0.51902,26.87510, 0.30668,331.91032, 6.21929, 0.22847, 0.16575,-0.60111,-0.24853, 0.10564,-0.01328, 0.72517, 0.30460,106.87110,1644.29828,2181.15859,-2.76006,-0.16962, 0.66173,
13.60000,5296.89648,13.60172,6819.75922, 0.52284,26.81530, 0.27836,330.86299, 6.27235, 0.25263, 0.16654,-0.59946,-0.24588, 0.10613,-0.01367, 0.72564, 0.30365,106.15987,1643.57091,2181.15859,-2.77857,-0.18054, 0.71530,
13.70000,5327.84075,13.86381,6831.31943, 0.52691,26.75566, 0.25036,329.82081, 6.32601, 0.27642, 0.16722,-0.59776,-0.24306, 0.10663,-0.01405, 0.72615, 0.30271,105.45486,1642.84992,2181.15859,-2.79735,-0.19138, 0.76801,
13.80000,5358.71046,14.12319,6842.78198, 0.53123,26.69620, 0.22270,328.78379, 6.38024, 0.29984, 0.16780,-0.59601,-0.24007, 0.10713,-0.01443, 0.72669, 0.30177,104.75604,1642.13526,2181.15859,-2.81642,-0.20212, 0.81983,
13.90000,5389.50593,14.37982,6854.14719, 0.53577,26.63691, 0.19539,327.75191, 6.43504, 0.32287, 0.16827,-0.59421,-0.23693, 0.10763,-0.01479, 0.72726, 0.30083,104.06336,1641.42693,2181.15859,-2.83575,-0.21277, 0.87075,
14.00000,5420.22744,14.63363,6865.41536, 0.54056,26.57781, 0.16845,326.72517, 6.49039, 0.34549, 0.16865,-0.59237,-0.23363, 0.10814,-0.01513, 0.72786, 0.29990,103.37676,1640.72488,2181.15859,-2.85536,-0.22332, 0.92073,
14.10000,5450.87528,14.88456,6876.58684, 0.54557,26.51889, 0.14190,325.70357, 6.54627, 0.36771, 0.16892,-0.59049,-0.23018, 0.10865,-0.01547, 0.72849, 0.29898,102.69620,1640.02910,2181.15859,-2.87524,-0.23378, 0.96975,
14.20000,5481.44974,15.13256,6887.66193, 0.55081,26.46016, 0.11575,324.68710, 6.60268, 0.38951, 0.16909,-0.58856,-0.22659, 0.10916,-0.01580, 0.72915, 0.29806,102.02164,1639.33955,2181.15859,-2.89538,-0.24413, 1.01780,
14.30000,5511.95111,15.37759,6898.64100, 0.55627,26.40162, 0.09002,323.67576, 6.65960, 0.41088, 0.16917,-0.58661,-0.22285, 0.10968,-0.01611, 0.72983, 0.29714,101.35304,1638.65621,2181.15859,-2.91578,-0.25437, 1.06485,
14.40000,5542.37965,15.61961,6909.52437, 0.56195,26.34327, 0.06473,322.66954, 6.71702, 0.43182, 0.16915,-0.58462,-0.21898, 0.11019,-0.01641, 0.73053, 0.29623,100.69033,1637.97906,2181.15859,-2.93645,-0.26451, 1.11089,
14.50000,5572.73565,15.85856,6920.31240, 0.56784,26.28513, 0.03988,321.66844, 6.77493, 0.45231, 0.16904,-0.58261,-0.21498, 0.11071,-0.01670, 0.73126, 0.29532,100.03349,1637.30806,2181.15859,-2.95737,-0.27454, 1.15589,
14.60000,5603.01938,16.09443,6931.00546, 0.57395,26.22718, 0.01549,320.67245, 6.83332, 0.47235, 0.16883,-0.58057,-0.21085, 0.11124,-0.01698, 0.73201, 0.29442,99.38246,1636.64319,2181.15859,-2.97855,-0.28445, 1.19984,
14.70000,5633.23111,16.32717,6941.60390, 0.58026,26.16944,-0.00842,319.68157, 6.89218, 0.49193, 0.16854,-0.57850,-0.20661, 0.11176,-0.01725, 0.73278, 0.29352,98.73720,1635.98441,2181.15859,-2.99999,-0.29425, 1.24272,
14.80000,5663.37112,16.55676,6952.10809, 0.58678,26.11191,-0.03185,318.69578, 6.95150, 0.51105, 0.16816,-0.57641,-0.20225, 0.11229,-0.01750, 0.73356, 0.29263,98.09766,1635.33170,2181.15859,-3.02167,-0.30392, 1.28453,
14.90000,5693.43968,16.78318,6962.51842, 0.59349,26.05458,-0.05478,317.71509, 7.01126, 0.52970, 0.16768,-0.57430,-0.19778, 0.11282,-0.01775, 0.73436, 0.29174,97.46380,1634.68504,2181.15859,-3.04361,-0.31348, 1.32524,
15.00000,5723.43704,17.00640,6972.83525, 0.60039,25.99747,-0.07720,316.73949, 7.07146, 0.54786, 0.16713,-0.57217,-0.19321, 0.11335,-0.01798, 0.73518, 0.29085,96.83558,1634.04438,2181.15859,-3.06579,-0.32291, 1.36485,
15.10000,5753.36347,17.22641,6983.05897, 0.60748,25.94056,-0.09910,315.76897, 7.13209, 0.56555, 0.16649,-0.57003,-0.18854, 0.11389,-0.01821, 0.73601, 0.28997,96.21296,1633.40970,2181.15859,-3.08822,-0.33221, 1.40334,
15.20000,5783.21924,17.44320,6993.18997, 0.61476,25.88387,-0.12047,314.80353, 7.19315, 0.58276, 0.16577,-0.56787,-0.18378, 0.11442,-0.01842, 0.73686, 0.28910,95.59588,1632.78098,2181.15859,-3.11089,-0.34138, 1.44071,
15.30000,5813.00461,17.65676,7003.22865, 0.62221,25.82739,-0.14130,313.84315, 7.25461, 0.59947, 0.16497,-0.56570,-0.17893, 0.11496,-0.01862, 0.73771, 0.28822,94.98430,1632.15818,2181.15859,-3.13380,-0.35042, 1.47694,
15.40000,5842.71983,17.86707,7013.17538, 0.62984,25.77112,-0.16159,312.88783, 7.31648, 0.61569, 0.16410,-0.56352,-0.17400, 0.11550,-0.01881, 0.73858, 0.28736,94.37819,1631.54127,2181.15859,-3.15695,-0.35933, 1.51204,
15.50000,5872.36517,18.07415,7023.03058, 0.63763,25.71507,-0.18132,311.93757, 7.37875, 0.63142, 0.16315,-0.56133,-0.16899, 0.11605,-0.01899, 0.73946, 0.28650,93.77750,1630.93022,2181.15859,-3.18034,-0.36810, 1.54598,
15.60000,5901.94089,18.27798,7032.79463, 0.64559,25.65924,-0.20048,310.99236, 7.44140, 0.64665, 0.16213,-0.55913,-0.16392, 0.11659,-0.01915, 0.74035, 0.28564,93.18218,1630.32501,2181.15859,-3.20396,-0.37673, 1.57878,
15.70000,5931.44723,18.47858,7042.46795, 0.65370,25.60362,-0.21908,310.05219, 7.50444, 0.66138, 0.16104,-0.55692,-0.15878, 0.11714,-0.01931, 0.74125, 0.28478,92.59220,1629.72560,2181.15859,-3.22781,-0.38522, 1.61043,
15.80000,5960.88447,18.67595,7052.05094, 0.66197,25.54823,-0.23710,309.11705, 7.56785, 0.67561, 0.15988,-0.55470,-0.15358, 0.11768,-0.01946, 0.74216, 0.28394,92.00751,1629.13196,2181.15859,-3.25190,-0.39357, 1.64091,
15.90000,5990.25285,18.87011,7061.54400, 0.67038,25.49305,-0.25454,308.18694, 7.63162, 0.68933, 0.15865,-0.55248,-0.14833, 0.11823,-0.01960, 0.74307, 0.28309,91.42807,1628.54407,2181.15859,-3.27621,-0.40177, 1.67024,
16.00000,6019.55263,19.06106,7070.94755, 0.67893,25.43808,-0.27139,307.26185, 7.69576, 0.70256, 0.15736,-0.55026,-0.14303, 0.11879,-0.01972, 0.74399, 0.28225,90.85384,1627.96188,2181.15859,-3.30075,-0.40983, 1.69842,
16.10000,6048.78406,19.24883,7080.26199, 0.68763,25.38334,-0.28766,306.34177, 7.76024, 0.71529, 0.15601,-0.54803,-0.13769, 0.11934,-0.01984, 0.74492, 0.28142,90.28478,1627.38538,2181.15859,-3.32552,-0.41774, 1.72543,
16.20000,6077.94739,19.43343,7089.48773, 0.69645,25.32882,-0.30333,305.42669, 7.82508, 0.72752, 0.15461,-0.54580,-0.13231, 0.11989,-0.01995, 0.74585, 0.28058,89.72085,1626.81453,2181.15859,-3.35050,-0.42551, 1.75130,
16.30000,6107.04289,19.61490,7098.62519, 0.70539,25.27451,-0.31840,304.51662, 7.89025, 0.73924, 0.15314,-0.54357,-0.12690, 0.12045,-0.02005, 0.74679, 0.27976,89.16201,1626.24930,2181.15859,-3.37571,-0.43312, 1.77601,
16.40000,6136.07081,19.79324,7107.67479, 0.71446,25.22042,-0.33287,303.61153, 7.95576, 0.75048, 0.15162,-0.54134,-0.12147, 0.12101,-0.02013, 0.74773, 0.27894,88.60821,1625.68966,2181.15859,-3.40114,-0.44058, 1.79958,
16.50000,6165.03139,19.96850,7116.63693, 0.72364,25.16655,-0.34674,302.71142, 8.02160, 0.76121, 0.15005,-0.53911,-0.11602, 0.12157,-0.02021, 0.74867, 0.27812,88.05942,1625.13559,2181.15859,-3.42679,-0.44789, 1.82201,
16.60000,6193.92489,20.14071,7125.51203, 0.73292,25.11290,-0.36001,301.81629, 8.08776, 0.77146, 0.14843,-0.53688,-0.11056, 0.12213,-0.02028, 0.74962, 0.27730,87.51560,1624.58704,2181.15859,-3.45264,-0.45505, 1.84331,
16.70000,6222.75157,20.30990,7134.30051, 0.74231,25.05947,-0.37268,300.92613, 8.15424, 0.78122, 0.14676,-0.53466,-0.10509, 0.12269,-0.02034, 0.75057, 0.27650,86.97671,1624.04400,2181.15859,-3.47872,-0.46205, 1.86349,
16.80000,6251.51167,20.47610,7143.00279, 0.75180,25.00625,-0.38474,300.04092, 8.22103, 0.79050, 0.14505,-0.53243,-0.09962, 0.12326,-0.02039, 0.75153, 0.27569,86.44271,1623.50642,2181.15859,-3.50500,-0.46890, 1.88255,
16.90000,6280.20545,20.63936,7151.61928, 0.76138,24.95325,-0.39620,299.16067, 8.28812, 0.79929, 0.14330,-0.53021,-0.09415, 0.12382,-0.02044, 0.75248, 0.27489,85.91355,1622.97429,2181.15859,-3.53149,-0.47560, 1.90051,
17.00000,6308.83316,20.79973,7160.15040, 0.77104,24.90047,-0.40706,298.28536, 8.35552, 0.80761, 0.14150,-0.52799,-0.08869, 0.12439,-0.02047, 0.75344, 0.27410,85.38922,1622.44757,2181.15859,-3.55819,-0.48214, 1.91737,
17.10000,6337.39505,20.95723,7168.59657, 0.78078,24.84790,-0.41732,297.41498, 8.42321, 0.81546, 0.13967,-0.52577,-0.08325, 0.12496,-0.02050, 0.75440, 0.27330,84.86965,1621.92623,2181.15859,-3.58509,-0.48853, 1.93316,
17.20000,6365.89139,21.11193,7176.95821, 0.79060,24.79555,-0.42699,296.54953, 8.49119, 0.82285, 0.13780,-0.52356,-0.07782, 0.12552,-0.02052, 0.75536, 0.27252,84.35482,1621.41024,2181.15859,-3.61220,-0.49476, 1.94788,
17.30000,6394.32241,21.26386,7185.23573, 0.80049,24.74341,-0.43606,295.68900, 8.55946, 0.82978, 0.13590,-0.52136,-0.07242, 0.12609,-0.02053, 0.75632, 0.27174,83.84469,1620.89957,2181.15859,-3.63951,-0.50084, 1.96155,
17.40000,6422.68838,21.41309,7193.42955, 0.81043,24.69149,-0.44454,294.83338, 8.62801, 0.83626, 0.13397,-0.51916,-0.06706, 0.12667,-0.02053, 0.75728, 0.27096,83.33923,1620.39419,2181.15859,-3.66701,-0.50677, 1.97419,
17.50000,6450.98954,21.55966,7201.54008, 0.82044,24.63978,-0.45244,293.98266, 8.69683, 0.84230, 0.13201,-0.51696,-0.06173, 0.12724,-0.02053, 0.75824, 0.27018,82.83838,1619.89407,2181.15859,-3.69471,-0.51255, 1.98581,
17.60000,6479.22615,21.70362,7209.56776, 0.83049,24.58828,-0.45975,293.13684, 8.76592, 0.84790, 0.13003,-0.51477,-0.05644, 0.12781,-0.02052, 0.75920, 0.26941,82.34213,1619.39918,2181.15859,-3.72261,-0.51817, 1.99643,
17.70000,6507.39847,21.84505,7217.51298, 0.84059,24.53700,-0.46649,292.29590, 8.83528, 0.85307, 0.12802,-0.51259,-0.05120, 0.12839,-0.02050, 0.76016, 0.26865,81.85043,1618.90950,2181.15859,-3.75070,-0.52365, 2.00607,
17.80000,6535.50674,21.98399,7225.37617, 0.85073,24.48593,-0.47266,291.45984, 8.90491, 0.85783, 0.12599,-0.51042,-0.04602, 0.12896,-0.02047, 0.76112, 0.26789,81.36324,1618.42499,2181.15859,-3.77898,-0.52899, 2.01475,
17.90000,6563.55123,22.12051,7233.15774, 0.86091,24.43506,-0.47827,290.62864, 8.97479, 0.86217, 0.12394,-0.50825,-0.04089, 0.12954,-0.02044, 0.76208, 0.26713,80.88053,1617.94563,2181.15859,-3.80745,-0.53417, 2.02249,
18.00000,6591.53219,22.25466,7240.85811, 0.87111,24.38441,-0.48332,289.80231, 9.04492, 0.86612, 0.12187,-0.50609,-0.03582, 0.13012,-0.02040, 0.76304, 0.26638,80.40227,1617.47138,2181.15859,-3.83610,-0.53922, 2.02931,
18.10000,6619.44986,22.38652,7248.47769, 0.88134,24.33397,-0.48783,288.98082, 9.11530, 0.86967, 0.11980,-0.50394,-0.03082, 0.13070,-0.02036, 0.76400, 0.26563,79.92841,1617.00221,2181.15859,-3.86494,-0.54412, 2.03524,
18.20000,6647.30452,22.51615,7256.01690, 0.89158,24.28373,-0.49179,288.16418, 9.18592, 0.87284, 0.11770,-0.50179,-0.02590, 0.13128,-0.02031, 0.76495, 0.26489,79.45893,1616.53811,2181.15859,-3.89396,-0.54890, 2.04030,
18.30000,6675.09641,22.64361,7263.47614, 0.90183,24.23370,-0.49523,287.35237, 9.25678, 0.87564, 0.11560,-0.49965,-0.02105, 0.13186,-0.02025, 0.76591, 0.26415,78.99379,1616.07903,2181.15859,-3.92317,-0.55353, 2.04451,
18.40000,6702.82579,22.76897,7270.85582, 0.91209,24.18388,-0.49814,286.54538, 9.32788, 0.87808, 0.11349,-0.49753,-0.01629, 0.13244,-0.02019, 0.76686, 0.26342,78.53295,1615.62495,2181.15859,-3.95255,-0.55804, 2.04791,
18.50000,6730.49291,22.89231,7278.15637, 0.92236,24.13426,-0.50054,285.74321, 9.39921, 0.88017, 0.11138,-0.49541,-0.01162, 0.13303,-0.02013, 0.76781, 0.26269,78.07638,1615.17584,2181.15859,-3.98211,-0.56242, 2.05051,
18.60000,6758.09804,23.01369,7285.37819, 0.93261,24.08485,-0.50244,284.94585, 9.47077, 0.88192, 0.10926,-0.49330,-0.00703, 0.13361,-0.02006, 0.76876, 0.26196,77.62405,1614.73167,2181.15859,-4.01184,-0.56669, 2.05234,
18.70000,6785.64143,23.13318,7292.52168, 0.94286,24.03564,-0.50384,284.15328, 9.54255, 0.88335, 0.10713,-0.49120,-0.00255, 0.13420,-0.01998, 0.76971, 0.26124,77.17592,1614.29242,2181.15859,-4.04175,-0.57084, 2.05344,
18.80000,6813.12334,23.25086,7299.58725, 0.95309,23.98663,-0.50477,283.36550, 9.61454, 0.88446, 0.10501,-0.48911, 0.00184, 0.13478,-0.01990, 0.77065, 0.26052,76.73195,1613.85805,2181.15859,-4.07182,-0.57487, 2.05383,
18.90000,6840.54402,23.36680,7306.57532, 0.96330,23.93782,-0.50522,282.58249, 9.68675, 0.88528, 0.10290,-0.48703, 0.00612, 0.13537,-0.01982, 0.77159, 0.25981,76.29213,1613.42854,2181.15859,-4.10207,-0.57881, 2.05354,
19.00000,6867.90373,23.48108,7313.48628, 0.97348,23.88922,-0.50522,281.80426, 9.75917, 0.88581, 0.10078,-0.48496, 0.01028, 0.13596,-0.01973, 0.77253, 0.25910,75.85640,1613.00386,2181.15859,-4.13249,-0.58264, 2.05260,
19.10000,6895.20274,23.59377,7320.32055, 0.98363,23.84081,-0.50478,281.03078, 9.83180, 0.88606, 0.09867,-0.48290, 0.01434, 0.13654,-0.01964, 0.77347, 0.25839,75.42474,1612.58398,2181.15859,-4.16307,-0.58638, 2.05104,
19.20000,6922.44130,23.70495,7327.07851, 0.99375,23.79260,-0.50391,280.26205, 9.90462, 0.88605, 0.09657,-0.48085, 0.01827, 0.13713,-0.01954, 0.77440, 0.25769,74.99712,1612.16888,2181.15859,-4.19382,-0.59004, 2.04890,
19.30000,6949.61967,23.81469,7333.76058, 1.00382,23.74459,-0.50262,279.49806, 9.97765, 0.88580, 0.09449,-0.47881, 0.02209, 0.13772,-0.01945, 0.77533, 0.25700,74.57350,1611.75852,2181.15859,-4.22473,-0.59362, 2.04621,
19.40000,6976.73811,23.92307,7340.36716, 1.01383,23.69683,-0.50092,278.73884,10.05091, 0.88532, 0.09198,-0.47481, 0.02571, 0.13836,-0.01930, 0.77640, 0.25631,74.15388,1611.35288,2181.15859,-4.23521,-0.60185, 2.04252,
19.50000,7003.79688,24.03018,7346.89871, 1.02375,23.64951,-0.49884,277.98439,10.12433, 0.88466, 0.08957,-0.47123, 0.02919, 0.13905,-0.01913, 0.77779, 0.25562,73.73823,1610.95193,2181.15859,-4.21057,-0.61195, 2.03810,
19.60000,7030.79620,24.13613,7353.35575, 1.03357,23.60252,-0.49639,277.23472,10.19784, 0.88385, 0.08717,-0.46745, 0.03247, 0.13973,-0.01896, 0.77906, 0.25493,73.32651,1610.55563,2181.15859,-4.19562,-0.62200, 2.03352,
19.70000,7057.73633,24.24101,7359.73880, 1.04328,23.55590,-0.49360,276.48978,10.27144, 0.88290, 0.08481,-0.46399, 0.03557, 0.14041,-0.01879, 0.78033, 0.25426,72.91869,1610.16395,2181.15859,-4.17921,-0.63191, 2.02852,
19.80000,7084.61749,24.34493,7366.04837, 1.05289,23.50961,-0.49048,275.74957,10.34513, 0.88183, 0.08250,-0.46051, 0.03847, 0.14109,-0.01861, 0.78158, 0.25358,72.51474,1609.77686,2181.15859,-4.16318,-0.64166, 2.02323,
19.90000,7111.43993,24.44799,7372.28495, 1.06239,23.46366,-0.48707,275.01405,10.41890, 0.88066, 0.08023,-0.45717, 0.04117, 0.14176,-0.01844, 0.78281, 0.25291,72.11461,1609.39431,2181.15859,-4.14778,-0.65126, 2.01769,
20.00000,7138.20389,24.55028,7378.44906, 1.07177,23.41804,-0.48337,274.28322,10.49276, 0.87941, 0.07801,-0.45391, 0.04368, 0.14244,-0.01827, 0.78402, 0.25224,71.71827,1609.01629,2181.15859,-4.13261,-0.66072, 2.01196,
20.10000,7164.90962,24.65190,7384.54117, 1.08104,23.37273,-0.47941,273.55706,10.56669, 0.87811, 0.07583,-0.45073, 0.04598, 0.14311,-0.01809, 0.78522, 0.25158,71.32568,1608.64275,2181.15859,-4.11791,-0.67005, 2.00608,
20.20000,7191.55736,24.75296,7390.56177, 1.09018,23.32773,-0.47521,272.83553,10.64069, 0.87676, 0.07371,-0.44764, 0.04809, 0.14378,-0.01792, 0.78640, 0.25092,70.93681,1608.27366,2181.15859,-4.10358,-0.67927, 2.00010,
20.30000,7218.14735,24.85354,7396.51135, 1.09919,23.28303,-0.47080,272.11864,10.71476, 0.87540, 0.07163,-0.44463, 0.04999, 0.14445,-0.01775, 0.78756, 0.25027,70.55163,1607.90899,2181.15859,-4.08965,-0.68841, 1.99406,
20.40000,7244.67984,24.95375,7402.39036, 1.10807,23.23863,-0.46619,271.40635,10.78891, 0.87404, 0.06960,-0.44170, 0.05168, 0.14512,-0.01758, 0.78870, 0.24962,70.17010,1607.54872,2181.15859,-4.07611,-0.69747, 1.98802,
20.50000,7271.15509,25.05367,7408.19928, 1.11681,23.19451,-0.46142,270.69865,10.86311, 0.87269, 0.06762,-0.43884, 0.05316, 0.14578,-0.01740, 0.78983, 0.24898,69.79219,1607.19280,2181.15859,-4.06297,-0.70647, 1.98203,
20.60000,7297.57334,25.15341,7413.93857, 1.12541,23.15067,-0.45650,269.99553,10.93739, 0.87139, 0.06570,-0.43606, 0.05443, 0.14645,-0.01724, 0.79093, 0.24833,69.41787,1606.84121,2181.15859,-4.05023,-0.71544, 1.97612,
20.70000,7323.93484,25.25306,7419.60868, 1.13387,23.10710,-0.45145,269.29696,11.01172, 0.87016, 0.06383,-0.43335, 0.05549, 0.14711,-0.01707, 0.79203, 0.24770,69.04710,1606.49392,2181.15859,-4.03789,-0.72438, 1.97036,
20.80000,7350.23984,25.35270,7425.21006, 1.14218,23.06379,-0.44631,268.60294,11.08611, 0.86900, 0.06201,-0.43070, 0.05633, 0.14777,-0.01690, 0.79310, 0.24706,68.67985,1606.15090,2181.15859,-4.02594,-0.73332, 1.96478,
20.90000,7376.48859,25.45243,7430.74316, 1.15034,23.02075,-0.44108,267.91344,11.16056, 0.86794, 0.06025,-0.42813, 0.05696, 0.14843,-0.01674, 0.79416, 0.24643,68.31610,1605.81212,2181.15859,-4.01439,-0.74228, 1.95943,
21.00000,7402.68136,25.55234,7436.20841, 1.15834,22.97795,-0.43581,267.22846,11.23506, 0.86701, 0.05855,-0.42561, 0.05737, 0.14909,-0.01658, 0.79520, 0.24581,67.95580,1605.47755,2181.15859,-4.00323,-0.75127, 1.95436,
21.10000,7428.81839,25.65251,7441.60625, 1.16618,22.93541,-0.43050,266.54797,11.30962, 0.86622, 0.05689,-0.42316, 0.05757, 0.14975,-0.01642, 0.79623, 0.24519,67.59894,1605.14716,2181.15859,-3.99247,-0.76032, 1.94962,
21.20000,7454.89994,25.75303,7446.93709, 1.17386,22.89310,-0.42518,265.87196,11.38423, 0.86558, 0.05530,-0.42077, 0.05755, 0.15041,-0.01626, 0.79725, 0.24457,67.24548,1604.82093,2181.15859,-3.98211,-0.76943, 1.94525,
21.30000,7480.92626,25.85398,7452.20138, 1.18137,22.85103,-0.41989,265.20043,11.45890, 0.86513, 0.05376,-0.41844, 0.05731, 0.15106,-0.01611, 0.79824, 0.24396,66.89540,1604.49882,2181.15859,-3.97214,-0.77864, 1.94130,
21.40000,7506.89762,25.95546,7457.39951, 1.18871,22.80919,-0.41463,264.53334,11.53361, 0.86488, 0.05228,-0.41617, 0.05685, 0.15171,-0.01596, 0.79923, 0.24335,66.54866,1604.18081,2181.15859,-3.96256,-0.78796, 1.93781,
21.50000,7532.81427,26.05752,7462.53191, 1.19588,22.76758,-0.40944,263.87069,11.60836, 0.86485, 0.05086,-0.41395, 0.05618, 0.15237,-0.01581, 0.80020, 0.24274,66.20524,1603.86687,2181.15859,-3.95337,-0.79741, 1.93482,
21.60000,7558.67648,26.16027,7467.59899, 1.20287,22.72619,-0.40433,263.21247,11.68317, 0.86505, 0.04950,-0.41178, 0.05529, 0.15302,-0.01567, 0.80115, 0.24214,65.86510,1603.55698,2181.15859,-3.94457,-0.80701, 1.93238,
21.70000,7584.48450,26.26376,7472.60113, 1.20969,22.68501,-0.39933,262.55867,11.75802, 0.86552, 0.04820,-0.40967, 0.05418, 0.15367,-0.01553, 0.80209, 0.24155,65.52823,1603.25110,2181.15859,-3.93616,-0.81678, 1.93054,
21.80000,7610.23860,26.36809,7477.53875, 1.21632,22.64404,-0.39447,261.90926,11.83291, 0.86626, 0.04695,-0.40761, 0.05286, 0.15431,-0.01540, 0.80302, 0.24095,65.19459,1602.94922,2181.15859,-3.92814,-0.82675, 1.92933,
21.90000,7635.93903,26.47332,7482.41224, 1.22276,22.60328,-0.38976,261.26425,11.90784, 0.86729, 0.04576,-0.40559, 0.05133, 0.15496,-0.01527, 0.80393, 0.24036,64.86416,1602.65130,2181.15859,-3.92050,-0.83692, 1.92879,
22.00000,7661.58606,26.57951,7487.22197, 1.22902,22.56272,-0.38523,260.62361,11.98282, 0.86863, 0.04464,-0.40362, 0.04957, 0.15561,-0.01514, 0.80484, 0.23978,64.53691,1602.35732,2181.15859,-3.91325,-0.84732, 1.92897,
22.10000,7687.17996,26.68675,7491.96835, 1.23509,22.52236,-0.38091,259.98733,12.05783, 0.87031, 0.04357,-0.40170, 0.04761, 0.15625,-0.01502, 0.80573, 0.23920,64.21281,1602.06726,2181.15859,-3.90638,-0.85798, 1.92991,
22.20000,7712.72099,26.79510,7496.65175, 1.24096,22.48219,-0.37681,259.35541,12.13288, 0.87233, 0.04257,-0.39982, 0.04544, 0.15690,-0.01490, 0.80660, 0.23862,63.89184,1601.78109,2181.15859,-3.89988,-0.86890, 1.93165,
22.30000,7738.20941,26.90462,7501.27254, 1.24664,22.44222,-0.37296,258.72782,12.20796, 0.87472, 0.04162,-0.39798, 0.04306, 0.15754,-0.01479, 0.80747, 0.23805,63.57398,1601.49878,2181.15859,-3.89377,-0.88012, 1.93422,
22.40000,7763.64550,27.01538,7505.83110, 1.25213,22.40243,-0.36938,258.10457,12.28308, 0.87749, 0.04073,-0.39619, 0.04047, 0.15818,-0.01468, 0.80832, 0.23748,63.25920,1601.22031,2181.15859,-3.88803,-0.89165, 1.93766,
22.50000,7789.02951,27.12743,7510.32780, 1.25741,22.36282,-0.36609,257.48563,12.35824, 0.88066, 0.03990,-0.39443, 0.03767, 0.15882,-0.01458, 0.80917, 0.23691,62.94748,1600.94567,2181.15859,-3.88266,-0.90351, 1.94201,
22.60000,7814.36173,27.24084,7514.76300, 1.26250,22.32339,-0.36311,256.87100,12.43342, 0.88424, 0.03914,-0.39272, 0.03468, 0.15946,-0.01449, 0.81000, 0.23635,62.63878,1600.67481,2181.15859,-3.87766,-0.91573, 1.94731,
22.70000,7839.64240,27.35565,7519.13706, 1.26738,22.28414,-0.36047,256.26066,12.50863, 0.88826, 0.03843,-0.39104, 0.03149, 0.16010,-0.01440, 0.81082, 0.23579,62.33309,1600.40773,2181.15859,-3.87303,-0.92831, 1.95359,
22.80000,7864.87181,27.47193,7523.45033, 1.27205,22.24506,-0.35818,255.65461,12.58387, 0.89272, 0.03778,-0.38940, 0.02809, 0.16074,-0.01431, 0.81163, 0.23524,62.03039,1600.14439,2181.15859,-3.86877,-0.94129, 1.96088,
22.90000,7890.05023,27.58972,7527.70318, 1.27652,22.20615,-0.35627,255.05284,12.65913, 0.89764, 0.03719,-0.38780, 0.02451, 0.16138,-0.01423, 0.81243, 0.23469,61.73064,1599.88478,2181.15859,-3.86487,-0.95469, 1.96921,
23.00000,7915.17792,27.70907,7531.89596, 1.28078,22.16741,-0.35476,254.45533,12.73442, 0.90303, 0.03666,-0.38623, 0.02074, 0.16201,-0.01416, 0.81322, 0.23414,61.43383,1599.62886,2181.15859,-3.86132,-0.96851, 1.97862,
23.10000,7940.25516,27.83002,7536.02899, 1.28484,22.12883,-0.35367,253.86207,12.80973, 0.90892, 0.03618,-0.38470, 0.01678, 0.16265,-0.01409, 0.81401, 0.23360,61.13993,1599.37663,2181.15859,-3.85814,-0.98279, 1.98914,
23.20000,7965.28221,27.95263,7540.10265, 1.28868,22.09042,-0.35301,253.27306,12.88506, 0.91531, 0.03577,-0.38319, 0.01263, 0.16328,-0.01403, 0.81478, 0.23306,60.84893,1599.12805,2181.15859,-3.85531,-0.99754, 2.00079,
23.30000,7990.25935,28.07693,7544.11725, 1.29232,22.05216,-0.35281,252.68828,12.96041, 0.92221, 0.03541,-0.38172, 0.00831, 0.16392,-0.01397, 0.81554, 0.23253,60.56079,1598.88310,2181.15859,-3.85283,-1.01278, 2.01361,
23.40000,8015.18686,28.20295,7548.07314, 1.29574,22.01405,-0.35308,252.10772,13.03577, 0.92964, 0.03511,-0.38029, 0.00381, 0.16455,-0.01393, 0.81630, 0.23200,60.27550,1598.64177,2181.15859,-3.85069,-1.02854, 2.02762,
23.50000,8040.06500,28.33074,7551.97066, 1.29895,21.97610,-0.35385,251.53137,13.11114, 0.93762, 0.03486,-0.37888,-0.00085, 0.16518,-0.01388, 0.81704, 0.23147,59.99304,1598.40402,2181.15859,-3.84890,-1.04482, 2.04284,
23.60000,8064.89405,28.46032,7555.81013, 1.30195,21.93830,-0.35512,250.95923,13.18653, 0.94614, 0.03467,-0.37750,-0.00568, 0.16582,-0.01385, 0.81778, 0.23095,59.71338,1598.16985,2181.15859,-3.84745,-1.06165, 2.05931,
23.70000,8089.67428,28.59174,7559.59189, 1.30474,21.90064,-0.35693,250.39129,13.26192, 0.95523, 0.03453,-0.37615,-0.01068, 0.16645,-0.01382, 0.81851, 0.23043,59.43650,1597.93922,2181.15859,-3.84634,-1.07905, 2.07704,
23.80000,8114.40598,28.72500,7563.31625, 1.30731,21.86314,-0.35928,249.82752,13.33732, 0.96489, 0.03445,-0.37483,-0.01583, 0.16708,-0.01379, 0.81924, 0.22991,59.16238,1597.71211,2181.15859,-3.84557,-1.09704, 2.09605,
23.90000,8139.08940,28.86015,7566.98355, 1.30967,21.82577,-0.36218,249.26793,13.41272, 0.97513, 0.03442,-0.37354,-0.02113, 0.16771,-0.01378, 0.81995, 0.22940,58.89100,1597.48852,2181.15859,-3.84512,-1.11563, 2.11637,
24.00000,8163.72483,28.99719,7570.59410, 1.31182,21.78854,-0.36567,248.71251,13.48813, 0.98597, 0.03445,-0.37227,-0.02657, 0.16834,-0.01377, 0.82066, 0.22889,58.62235,1597.26840,2181.15859,-3.84500,-1.13484, 2.13801,
24.10000,8188.31255,29.13616,7574.14821, 1.31375,21.75145,-0.36975,248.16124,13.56352, 0.99741, 0.03452,-0.37103,-0.03216, 0.16897,-0.01376, 0.82136, 0.22839,58.35639,1597.05176,2181.15859,-3.84520,-1.15468, 2.16100,
24.20000,8212.85283,29.27707,7577.64622, 1.31548,21.71450,-0.37443,247.61412,13.63892, 1.00945, 0.03465,-0.36982,-0.03787, 0.16960,-0.01377, 0.82206, 0.22789,58.09310,1596.83855,2181.15859,-3.84572,-1.17518, 2.18534,
24.30000,8237.34594,29.41992,7581.08842, 1.31699,21.67768,-0.37973,247.07113,13.71431, 1.02211, 0.03482,-0.36863,-0.04372, 0.17022,-0.01378, 0.82275, 0.22739,57.83248,1596.62877,2181.15859,-3.84656,-1.19635, 2.21105,
24.40000,8261.79217,29.56474,7584.47513, 1.31830,21.64100,-0.38566,246.53227,13.78968, 1.03539, 0.03505,-0.36747,-0.04969, 0.17085,-0.01379, 0.82343, 0.22690,57.57450,1596.42239,2181.15859,-3.84771,-1.21821, 2.23815,
24.50000,8286.19179,29.71154,7587.80667, 1.31939,21.60444,-0.39224,245.99753,13.86504, 1.04930, 0.03532,-0.36632,-0.05577, 0.17148,-0.01381, 0.82411, 0.22641,57.31913,1596.21940,2181.15859,-3.84917,-1.24077, 2.26664,
24.60000,8310.54508,29.86031,7591.08332, 1.32027,21.56801,-0.39948,245.46689,13.94038, 1.06384, 0.03564,-0.36521,-0.06197, 0.17210,-0.01384, 0.82478, 0.22592,57.06637,1596.01977,2181.15859,-3.85093,-1.26404, 2.29654,
24.70000,8334.85232,30.01106,7594.30540, 1.32095,21.53170,-0.40738,244.94035,14.01571, 1.07902, 0.03600,-0.36411,-0.06826, 0.17273,-0.01388, 0.82544, 0.22544,56.81618,1595.82348,2181.15859,-3.85299,-1.28804, 2.32786,
24.80000,8359.11378,30.16380,7597.47322, 1.32143,21.49552,-0.41596,244.41790,14.09100, 1.09484, 0.03641,-0.36304,-0.07466, 0.17335,-0.01392, 0.82610, 0.22496,56.56855,1595.63052,2181.15859,-3.85534,-1.31279, 2.36059,
24.90000,8383.32974,30.31852,7600.58706, 1.32170,21.45946,-0.42522,243.89953,14.16628, 1.11131, 0.03686,-0.36199,-0.08114, 0.17398,-0.01397, 0.82676, 0.22449,56.32347,1595.44086,2181.15859,-3.85799,-1.33829, 2.39475,
25.00000,8407.50049,30.47522,7603.64724, 1.32177,21.42351,-0.43519,243.38523,14.24152, 1.12842, 0.03735,-0.36096,-0.08770, 0.17460,-0.01403, 0.82741, 0.22402,56.08091,1595.25449,2181.15859,-3.86092,-1.36456, 2.43035,
25.10000,8431.62630,30.63388,7606.65404, 1.32163,21.38769,-0.44585,242.87499,14.31672, 1.14618, 0.03788,-0.35995,-0.09434, 0.17523,-0.01409, 0.82805, 0.22355,55.84086,1595.07139,2181.15859,-3.86413,-1.39161, 2.46737,
25.20000,8455.70745,30.79451,7609.60776, 1.32130,21.35198,-0.45723,242.36880,14.39189, 1.16458, 0.03845,-0.35896,-0.10104, 0.17585,-0.01416, 0.82869, 0.22309,55.60328,1594.89154,2181.15859,-3.86762,-1.41945, 2.50583,
25.30000,8479.74422,30.95708,7612.50870, 1.32078,21.31638,-0.46932,241.86665,14.46701, 1.18364, 0.03906,-0.35799,-0.10781, 0.17647,-0.01423, 0.82933, 0.22263,55.36818,1594.71492,2181.15859,-3.87139,-1.44809, 2.54573,
25.40000,8503.73689,31.12158,7615.35714, 1.32006,21.28089,-0.48214,241.36853,14.54209, 1.20335, 0.03971,-0.35705,-0.11462, 0.17709,-0.01432, 0.82996, 0.22217,55.13553,1594.54151,2181.15859,-3.87542,-1.47754, 2.58705,
25.50000,8527.68573,31.28800,7618.15337, 1.31915,21.24552,-0.49569,240.87443,14.61712, 1.22370, 0.04039,-0.35612,-0.12148, 0.17772,-0.01440, 0.83058, 0.22172,54.90530,1594.37129,2181.15859,-3.87972,-1.50781, 2.62980,
25.60000,8551.59104,31.45632,7620.89769, 1.31806,21.21025,-0.50996,240.38435,14.69210, 1.24469, 0.04110,-0.35521,-0.12838, 0.17834,-0.01450, 0.83121, 0.22127,54.67750,1594.20425,2181.15859,-3.88427,-1.53890, 2.67396,
25.70000,8575.45308,31.62651,7623.59038, 1.31678,21.17508,-0.52497,239.89826,14.76702, 1.26633, 0.04185,-0.35431,-0.13530, 0.17896,-0.01460, 0.83183, 0.22082,54.45208,1594.04036,2181.15859,-3.88908,-1.57083, 2.71954,
25.80000,8599.27215,31.79855,7626.23172, 1.31532,21.14002,-0.54072,239.41617,14.84187, 1.28860, 0.04262,-0.35344,-0.14225, 0.17958,-0.01470, 0.83244, 0.22038,54.22904,1593.87961,2181.15859,-3.89414,-1.60359, 2.76653,
25.90000,8623.04851,31.97241,7628.82200, 1.31368,21.10507,-0.55721,238.93805,14.91666, 1.31151, 0.04343,-0.35258,-0.14921, 0.18020,-0.01482, 0.83305, 0.21994,54.00837,1593.72198,2181.15859,-3.89945,-1.63719, 2.81490,
26.00000,8646.78245,32.14806,7631.36150, 1.31187,21.07021,-0.57443,238.46391,14.99138, 1.33504, 0.04426,-0.35174,-0.15617, 0.18082,-0.01493, 0.83366, 0.21951,53.79003,1593.56746,2181.15859,-3.90499,-1.67164, 2.86466,
26.10000,8670.47424,32.32546,7633.85048, 1.30991,21.03538,-0.59239,237.99352,15.06622, 1.35917, 0.04570,-0.35296,-0.16299, 0.18109,-0.01516, 0.83344, 0.21908,53.57393,1593.41602,2181.15859,-3.93713,-1.69978, 2.91673,
26.20000,8694.12417,32.50456,7636.28894, 1.30785,21.00044,-0.61107,237.52677,15.14166, 1.38381, 0.04702,-0.35335,-0.16969, 0.18132,-0.01541, 0.83299, 0.21865,53.36000,1593.26766,2181.15859,-3.99069,-1.72797, 2.97135,
26.30000,8717.73251,32.68525,7638.67681, 1.30567,20.96548,-0.63046,237.06361,15.21771, 1.40896, 0.04832,-0.35391,-0.17630, 0.18156,-0.01565, 0.83264, 0.21823,53.14820,1593.12239,2181.15859,-4.03730,-1.75710, 3.02662,
26.40000,8741.29955,32.86747,7641.01405, 1.30339,20.93049,-0.65055,236.60404,15.29434, 1.43460, 0.04959,-0.35421,-0.18284, 0.18180,-0.01590, 0.83232, 0.21780,52.93853,1592.98022,2181.15859,-4.08599,-1.78765, 3.08196,
26.50000,8764.82555,33.05113,7643.30061, 1.30099,20.89549,-0.67132,236.14806,15.37152, 1.46072, 0.05082,-0.35446,-0.18927, 0.18205,-0.01616, 0.83205, 0.21739,52.73097,1592.84114,2181.15859,-4.13389,-1.81962, 3.13739,
26.60000,8788.31079,33.23615,7645.53647, 1.29849,20.86048,-0.69278,235.69566,15.44924, 1.48730, 0.05202,-0.35458,-0.19561, 0.18231,-0.01642, 0.83182, 0.21697,52.52551,1592.70515,2181.15859,-4.18184,-1.85303, 3.19291,
26.70000,8811.75553,33.42244,7647.72161, 1.29588,20.82548,-0.71489,235.24681,15.52747, 1.51433, 0.05319,-0.35461,-0.20183, 0.18257,-0.01668, 0.83164, 0.21656,52.32214,1592.57225,2181.15859,-4.22953,-1.88788, 3.24843,
26.80000,8835.16004,33.60992,7649.85604, 1.29316,20.79050,-0.73766,234.80152,15.60618, 1.54178, 0.05431,-0.35453,-0.20794, 0.18284,-0.01695, 0.83149, 0.21615,52.12082,1592.44245,2181.15859,-4.27701,-1.92417, 3.30383,
26.90000,8858.52458,33.79851,7651.93976, 1.29035,20.75553,-0.76107,234.35977,15.68537, 1.56965, 0.05540,-0.35437,-0.21393, 0.18312,-0.01721, 0.83138, 0.21575,51.92156,1592.31574,2181.15859,-4.32422,-1.96192, 3.35904,
27.00000,8881.84941,33.98810,7653.97280, 1.28743,20.72061,-0.78511,233.92155,15.76499, 1.59791, 0.05645,-0.35411,-0.21979, 0.18340,-0.01749, 0.83131, 0.21535,51.72434,1592.19211,2181.15859,-4.37115,-2.00113, 3.41396,
27.10000,8905.13479,34.17862,7655.95520, 1.28441,20.68572,-0.80976,233.48684,15.84503, 1.62654, 0.05746,-0.35377,-0.22551, 0.18368,-0.01776, 0.83128, 0.21495,51.52913,1592.07158,2181.15859,-4.41776,-2.04179, 3.46850,
27.20000,8928.38096,34.36998,7657.88701, 1.28130,20.65088,-0.83500,233.05562,15.92546, 1.65553, 0.05843,-0.35336,-0.23109, 0.18398,-0.01803, 0.83128, 0.21455,51.33592,1591.95413,2181.15859,-4.46403,-2.08391, 3.52257,
27.30000,8951.58818,34.56208,7659.76829, 1.27809,20.61610,-0.86082,232.62789,16.00627, 1.68486, 0.05935,-0.35287,-0.23652, 0.18427,-0.01831, 0.83132, 0.21416,51.14469,1591.83975,2181.15859,-4.50992,-2.12749, 3.57608,
27.40000,8974.75670,34.75485,7661.59911, 1.27479,20.58138,-0.88720,232.20362,16.08743, 1.71450, 0.06024,-0.35232,-0.24180, 0.18457,-0.01859, 0.83139, 0.21377,50.95544,1591.72846,2181.15859,-4.55543,-2.17251, 3.62894,
27.50000,8997.88676,34.94817,7663.37954, 1.27139,20.54673,-0.91413,231.78279,16.16892, 1.74445, 0.06108,-0.35170,-0.24691, 0.18488,-0.01888, 0.83150, 0.21338,50.76813,1591.62023,2181.15859,-4.60051,-2.21897, 3.68105,
27.60000,9020.97860,35.14198,7665.10969, 1.26791,20.51216,-0.94159,231.36540,16.25071, 1.77466, 0.06189,-0.35102,-0.25186, 0.18519,-0.01916, 0.83163, 0.21300,50.58276,1591.51506,2181.15859,-4.64515,-2.26687, 3.73233,
27.70000,9044.03247,35.33616,7666.78964, 1.26435,20.47766,-0.96955,230.95142,16.33279, 1.80514, 0.06264,-0.35028,-0.25663, 0.18550,-0.01944, 0.83180, 0.21262,50.39930,1591.41295,2181.15859,-4.68932,-2.31618, 3.78269,
27.80000,9067.04859,35.53063,7668.41952, 1.26070,20.44325,-0.99801,230.54084,16.41514, 1.83584, 0.06336,-0.34949,-0.26122, 0.18582,-0.01973, 0.83200, 0.21224,50.21774,1591.31389,2181.15859,-4.73301,-2.36689, 3.83205,
27.90000,9090.02721,35.72530,7669.99943, 1.25698,20.40893,-1.02693,230.13363,16.49773, 1.86676, 0.06403,-0.34865,-0.26563, 0.18614,-0.02002, 0.83222, 0.21187,50.03807,1591.21787,2181.15859,-4.77620,-2.41899, 3.88030,
28.00000,9112.96856,35.92007,7671.52952, 1.25318,20.37471,-1.05630,229.72977,16.58054, 1.89786, 0.06466,-0.34776,-0.26984, 0.18647,-0.02031, 0.83247, 0.21150,49.86025,1591.12488,2181.15859,-4.81885,-2.47245, 3.92738,
28.10000,9135.87286,36.11485,7673.00991, 1.24931,20.34058,-1.08610,229.32926,16.66355, 1.92912, 0.06525,-0.34683,-0.27385, 0.18680,-0.02059, 0.83275, 0.21113,49.68429,1591.03491,2181.15859,-4.86097,-2.52725, 3.97319,
28.20000,9158.74034,36.30955,7674.44074, 1.24537,20.30655,-1.11631,228.93206,16.74675, 1.96053, 0.06579,-0.34587,-0.27765, 0.18713,-0.02088, 0.83305, 0.21077,49.51015,1590.94797,2181.15859,-4.90251,-2.58337, 4.01765,
28.30000,9181.57124,36.50406,7675.82218, 1.24137,20.27263,-1.14689,228.53816,16.83011, 1.99205, 0.06629,-0.34486,-0.28124, 0.18747,-0.02117, 0.83337, 0.21041,49.33783,1590.86402,2181.15859,-4.94347,-2.64077, 4.06069,
28.40000,9204.36577,36.69830,7677.15438, 1.23730,20.23881,-1.17783,228.14753,16.91361, 2.02365, 0.06642,-0.34396,-0.28425, 0.18780,-0.02148, 0.83372, 0.21005,49.16729,1590.78308,2181.15859,-4.98528,-2.70305, 4.10508,
28.50000,9227.12416,36.89217,7678.43749, 1.23318,20.20508,-1.20901,227.76015,16.99724, 2.05523, 0.06680,-0.34304,-0.28624, 0.18814,-0.02175, 0.83407, 0.20969,48.99853,1590.70511,2181.15859,-5.02951,-2.76508, 4.16264,
28.60000,9249.84662,37.08558,7679.67170, 1.22905,20.17145,-1.24038,227.37600,17.08096, 2.08675, 0.06715,-0.34207,-0.28793, 0.18848,-0.02201, 0.83445, 0.20934,48.83153,1590.63013,2181.15859,-5.07233,-2.82651, 4.22528,
28.70000,9272.53337,37.27844,7680.85718, 1.22492,20.13792,-1.27191,226.99505,17.16478, 2.11819, 0.06745,-0.34109,-0.28946, 0.18882,-0.02227, 0.83486, 0.20899,48.66627,1590.55810,2181.15859,-5.11506,-2.88876, 4.28595,
28.80000,9295.18462,37.47066,7681.99410, 1.22080,20.10450,-1.30357,226.61713,17.24867, 2.14955, 0.06796,-0.33971,-0.29081, 0.18904,-0.02253, 0.83532, 0.20864,48.50266,1590.48903,2181.15859,-5.15270,-2.94912, 4.34385,
28.90000,9317.80055,37.66217,7683.08266, 1.21670,20.07124,-1.33537,226.24175,17.33263, 2.18080, 0.06855,-0.33810,-0.29204, 0.18917,-0.02279, 0.83589, 0.20830,48.34049,1590.42290,2181.15859,-5.18054,-3.00695, 4.39818,
29.00000,9340.38129,37.85287,7684.12306, 1.21265,20.03814,-1.36727,225.86864,17.41664, 2.21195, 0.06917,-0.33646,-0.29311, 0.18925,-0.02305, 0.83647, 0.20796,48.17964,1590.35970,2181.15859,-5.20579,-3.06386, 4.44909,
29.10000,9362.92695,38.04269,7685.11551, 1.20864,20.00520,-1.39926,225.49766,17.50070, 2.24298, 0.06979,-0.33480,-0.29397, 0.18931,-0.02332, 0.83708, 0.20761,48.02003,1590.29941,2181.15859,-5.22923,-3.12041, 4.49734,
29.20000,9385.43764,38.23155,7686.06023, 1.20469,19.97243,-1.43132,225.12873,17.58479, 2.27386, 0.07040,-0.33316,-0.29462, 0.18936,-0.02358, 0.83769, 0.20728,47.86164,1590.24202,2181.15859,-5.25213,-3.17681, 4.54338,
29.30000,9407.91347,38.41936,7686.95741, 1.20081,19.93983,-1.46342,224.76183,17.66891, 2.30458, 0.07099,-0.33154,-0.29505, 0.18941,-0.02383, 0.83830, 0.20694,47.70445,1590.18752,2181.15859,-5.27478,-3.23317, 4.58737,
29.40000,9430.35452,38.60604,7687.80728, 1.19699,19.90738,-1.49555,224.39691,17.75305, 2.33512, 0.07155,-0.32994,-0.29526, 0.18945,-0.02409, 0.83891, 0.20660,47.54843,1590.13590,2181.15859,-5.29742,-3.28953, 4.62933,
29.50000,9452.76090,38.79152,7688.61004, 1.19324,19.87508,-1.52767,224.03398,17.83721, 2.36545, 0.07209,-0.32838,-0.29524, 0.18949,-0.02434, 0.83953, 0.20627,47.39357,1590.08714,2181.15859,-5.32011,-3.34590, 4.66927,
29.60000,9475.13271,38.97572,7689.36591, 1.18957,19.84294,-1.55977,223.67300,17.92137, 2.39556, 0.07259,-0.32685,-0.29499, 0.18953,-0.02458, 0.84014, 0.20594,47.23987,1590.04123,2181.15859,-5.34292,-3.40225, 4.70718,
29.70000,9497.47003,39.15856,7690.07509, 1.18598,19.81095,-1.59182,223.31399,18.00554, 2.42542, 0.07307,-0.32534,-0.29450, 0.18958,-0.02483, 0.84075, 0.20561,47.08732,1589.99816,2181.15859,-5.36585,-3.45857, 4.74303,
29.80000,9519.77298,39.33996,7690.73780, 1.18249,19.77911,-1.62379,222.95691,18.08971, 2.45502, 0.07352,-0.32387,-0.29379, 0.18962,-0.02506, 0.84135, 0.20528,46.93590,1589.95791,2181.15859,-5.38891,-3.51482, 4.77682,
29.90000,9542.04163,39.51987,7691.35425, 1.17908,19.74741,-1.65566,222.60177,18.17388, 2.48434, 0.07394,-0.32242,-0.29285, 0.18966,-0.02530, 0.84196, 0.20495,46.78560,1589.92047,2181.15859,-5.41209,-3.57097, 4.80851,
30.00000,9564.27610,39.69819,7691.92463, 1.17578,19.71584,-1.68740,222.24855,18.25803, 2.51335, 0.07433,-0.32100,-0.29167, 0.18971,-0.02553, 0.84257, 0.20463,46.63643,1589.88583,2181.15859,-5.43541,-3.62698, 4.83809,
