
time,npos,epos,alt,phi,theta,psi,vel,alpha,beta,p,q,r,nx,ny,nz,mach,qbar,ps,thrust,ele,ail,rud

 0.00000, 0.00000, 0.00000,10000.00000, 0.00000, 3.66107, 0.00000,500.00000, 3.66107, 0.00000, 0.00000, 0.00000, 0.00000,2110.32836,-2.02784,-0.08632, 0.06835, 5.13523, 1.00000,-495779.34327,19.66779,-0.08632, 0.06835,
 0.10000,-0.12503, 0.00006,10000.00671, 0.00034, 3.47594, 0.00199,496.26106, 3.48968,-0.00169, 0.01613,-2.61333, 0.02048,2108.00882,-2.02588,-0.26063, 0.06488, 1.84904, 0.99962,-492040.40253,-8.57466, 0.01512, 0.17584,
 0.20000,-0.98165, 0.00058,9999.93926, 0.00031, 3.29794, 0.00180,485.51834, 3.43874,-0.00092, 0.00083,-1.79373,-0.00760,2105.97345,-2.02626,-0.18439, 0.05490,-7.59226, 1.00343,-481297.67998,-1.47897,-0.07951, 0.06213,
 0.30000,-3.22615, 0.00154,9999.74107, 0.00037, 3.11352, 0.00101,468.63567, 3.44112, 0.00038,-0.00073,-1.62465,-0.01111,2104.17767,-2.02553,-0.29351, 0.03923,-22.42904, 1.01464,-464415.01597,-1.33849,-0.08876, 0.06370,
 0.40000,-7.43105, 0.00299,9999.35134, 0.00026, 2.95487,-0.00009,446.45385, 3.53056, 0.00206, 0.00028,-1.56869,-0.01067,2102.65249,-2.02472,-0.35717, 0.01862,-41.92192, 1.03667,-442233.19280,-2.39136,-0.08307, 0.08626,
 0.50000,-14.08399, 0.00499,9998.71805, 0.00017, 2.80925,-0.00131,419.81442, 3.69403, 0.00396,-0.00054,-1.36702,-0.01363,2101.38773,-2.02391,-0.42682,-0.00612,-65.33090, 1.07248,-415593.76393,-2.02634,-0.08864, 0.09546,
 0.60000,-23.58905, 0.00759,9997.79165, 0.00002, 2.67945,-0.00279,389.54747, 3.92652, 0.00611,-0.00085,-1.21434,-0.01592,2100.37722,-2.02316,-0.50311,-0.03423,-91.92610, 1.12485,-385326.81141,-2.22470,-0.09133, 0.10810,
 0.70000,-36.26861, 0.01077,9996.52755,-0.00020, 2.56629,-0.00448,356.45576, 4.22373, 0.00842,-0.00129,-1.05242,-0.01755,2099.61258,-2.02251,-0.57548,-0.06496,-121.00164, 1.19632,-352235.10579,-2.36291,-0.09526, 0.12205,
 0.80000,-52.36640, 0.01446,9994.88670,-0.00047, 2.46933,-0.00628,321.30748, 4.57881, 0.01074,-0.00180,-0.88686,-0.01817,2099.08120,-2.02193,-0.64564,-0.09761,-151.88211, 1.28908,-317086.81916,-2.48380,-0.09987, 0.13723,
 0.90000,-72.05145, 0.01857,9992.83566,-0.00079, 2.38873,-0.00807,284.82756, 4.98515, 0.01292,-0.00229,-0.72480,-0.01753,2098.76870,-2.02143,-0.71127,-0.13149,-183.93013, 1.40504,-280606.89838,-2.64161,-0.10468, 0.15309,
 1.00000,-95.42272, 0.02295,9990.34695,-0.00115, 2.32431,-0.00974,247.69096, 5.43567, 0.01477,-0.00279,-0.56453,-0.01553,2098.66193,-2.02103,-0.77088,-0.16599,-216.55230, 1.54574,256529.69660,-2.80061,-0.10976, 0.16870,
 1.10000,-122.38670, 0.02741,9987.40761,-0.00154, 2.27562,-0.01113,214.31025, 5.89401, 0.01612,-0.00319,-0.41185,-0.01200,2101.05119,-2.02083,-0.81405,-0.19699,-245.87032, 1.71191,289910.40958,-2.93301,-0.11446, 0.18346,
 1.20000,-152.30918, 0.03174,9984.04445,-0.00193, 2.24130,-0.01210,188.47139, 6.32285, 0.01678,-0.00344,-0.27703,-0.00704,2103.34963,-2.02089,-0.83311,-0.22100,-268.55692, 1.90205,315749.27139,-3.06295,-0.11831, 0.19578,
 1.30000,-184.45226, 0.03571,9980.29848,-0.00231, 2.21966,-0.01251,169.83485, 6.71452, 0.01661,-0.00360,-0.15874,-0.00089,2105.53152,-2.02117,-0.83049,-0.23831,-284.91076, 2.11383,334385.80751,-3.17016,-0.12150, 0.20401,
 1.40000,-218.11589, 0.03908,9976.21524,-0.00266, 2.20899,-0.01224,157.98588, 7.06287, 0.01548,-0.00364,-0.05758, 0.00642,2107.57531,-2.02162,-0.80902,-0.24932,-295.29671, 2.34467,346234.77455,-3.25857,-0.12386, 0.20787,
 1.50000,-252.64466, 0.04158,9971.84352,-0.00295, 2.20758,-0.01118,152.44791, 7.36323, 0.01329,-0.00357, 0.02663, 0.01483,2109.46362,-2.02220,-0.77149,-0.25447,-300.13395, 2.59183,351772.74390,-3.32762,-0.12527, 0.20740,
 1.60000,-287.43341, 0.04300,9967.23406,-0.00317, 2.21376,-0.00923,152.69565, 7.61236, 0.00996,-0.00339, 0.09441, 0.02418,2111.18304,-2.02286,-0.72070,-0.25425,-299.88451, 2.85243,351525.00177,-3.37703,-0.12566, 0.20262,
 1.70000,-321.93136, 0.04313,9962.43841,-0.00331, 2.22593,-0.00631,158.16768, 7.80836, 0.00543,-0.00311, 0.14643, 0.03427,2112.72402,-2.02357,-0.65928,-0.24918,-295.04217, 3.12355,346052.97441,-3.40765,-0.12496, 0.19363,
 1.80000,-355.64523, 0.04177,9957.50786,-0.00335, 2.24256,-0.00235,168.27833, 7.95053,-0.00033,-0.00274, 0.18363, 0.04483,2114.08060,-2.02430,-0.58976,-0.23980,-286.12202, 3.40230,335942.32186,-3.42023,-0.12317, 0.18057,
 1.90000,-388.14103, 0.03879,9952.49254,-0.00328, 2.26220, 0.00268,182.42884, 8.03928,-0.00729,-0.00228, 0.20711, 0.05560,2115.25016,-2.02500,-0.51448,-0.22666,-273.65067, 3.68584,321791.81486,-3.41580,-0.12030, 0.16366,
 2.00000,-419.04487, 0.03406,9947.44061,-0.00310, 2.28356, 0.00879,200.01757, 8.07598,-0.01543,-0.00176, 0.21812, 0.06626,2116.23315,-2.02568,-0.43560,-0.21034,-258.15722, 3.97145,304203.08817,-3.39559,-0.11637, 0.14320,
 2.10000,-448.04277, 0.02753,9942.39752,-0.00279, 2.30545, 0.01595,220.44932, 8.06286,-0.02466,-0.00119, 0.21798, 0.07653,2117.03278,-2.02629,-0.35509,-0.19137,-240.16511, 4.25656,283771.33943,-3.36097,-0.11146, 0.11955,
 2.20000,-474.87961, 0.01916,9937.40554,-0.00236, 2.32683, 0.02410,243.14363, 8.00285,-0.03489,-0.00059, 0.20811, 0.08608,2117.65468,-2.02682,-0.27472,-0.17030,-220.18478, 4.53879,261077.02189,-3.31343,-0.10564, 0.09313,
 2.30000,-499.35727, 0.00898,9932.50321,-0.00181, 2.34680, 0.03317,267.54210, 7.89949,-0.04597, 0.00003, 0.18992, 0.09465,2118.10664,-2.02727,-0.19603,-0.14765,-198.70730, 4.81594,236678.55964,-3.25455,-0.09903, 0.06439,
 2.40000,-521.33209,-0.00296,9927.72507,-0.00114, 2.36459, 0.04303,293.11456, 7.75679,-0.05775, 0.00066, 0.16484, 0.10197,2118.39823,-2.02763,-0.12038,-0.12391,-176.19884, 5.08607,211106.09604,-3.18597,-0.09173, 0.03385,
 2.50000,-540.71182,-0.01655,9923.10140,-0.00037, 2.37958, 0.05355,319.36439, 7.57912,-0.07005, 0.00126, 0.13429, 0.10781,2118.54051,-2.02788,-0.04891,-0.09954,-153.09612, 5.34747,184856.26936,-3.10932,-0.08390, 0.00203,
 2.60000,-557.45198,-0.03166,9918.65805, 0.00049, 2.39131, 0.06458,345.83266, 7.37108,-0.08266, 0.00185, 0.09963, 0.11197,2118.54572,-2.02804, 0.01744,-0.07497,-129.80264, 5.59868,158387.99487,-3.02627,-0.07568,-0.03051,
 2.70000,-571.55198,-0.04810,9914.41646, 0.00142, 2.39942, 0.07593,372.10144, 7.13743,-0.09538, 0.00238, 0.06216, 0.11429,2118.42696,-2.02811, 0.07791,-0.05058,-106.68589, 5.83848,132119.21964,-2.93841,-0.06722,-0.06321,
 2.80000,-583.05088,-0.06568,9910.39360, 0.00242, 2.40369, 0.08742,397.79605, 6.88298,-0.10798, 0.00287, 0.02308, 0.11466,2118.19794,-2.02808, 0.13196,-0.02672,-84.07527, 6.06591,106424.60477,-2.84731,-0.05867,-0.09551,
 2.90000,-592.02296,-0.08418,9906.60214, 0.00346, 2.40402, 0.09884,422.58658, 6.61249,-0.12025, 0.00329,-0.01647, 0.11302,2117.87272,-2.02798, 0.17918,-0.00370,-62.26084, 6.28026,81634.08040,-2.75444,-0.05020,-0.12687,
 3.00000,-598.57324,-0.10334,9903.05059, 0.00452, 2.40041, 0.11000,446.18845, 6.33064,-0.13196, 0.00364,-0.05548, 0.10934,2117.46542,-2.02780, 0.21935, 0.01821,-41.49278, 6.48105,58032.21107,-2.66118,-0.04197,-0.15674,
 3.10000,-602.83292,-0.12291,9899.74349, 0.00558, 2.39297, 0.12069,468.36235, 6.04189,-0.14289, 0.00391,-0.09304, 0.10364,2116.99006,-2.02756, 0.25239, 0.03880,-21.98142, 6.66802,35858.30266,-2.56883,-0.03411,-0.18465,
 3.20000,-604.95491,-0.14263,9896.68173, 0.00662, 2.38188, 0.13070,488.91348, 5.75050,-0.15285, 0.00410,-0.12836, 0.09599,2116.46030,-2.02728, 0.27835, 0.05788,-3.89802, 6.84111,15307.17777,-2.47853,-0.02677,-0.21012,
 3.30000,-605.10942,-0.16222,9893.86277, 0.00762, 2.36740, 0.13986,507.69011, 5.46042,-0.16165, 0.00421,-0.16076, 0.08650,2115.88932,-2.02696, 0.29741, 0.07531,12.62412, 7.00048,-3469.45638,-2.39133,-0.02008,-0.23276,
 3.40000,-603.47976,-0.18142,9891.28105, 0.00856, 2.34984, 0.14798,524.58178, 5.17529,-0.16912, 0.00423,-0.18968, 0.07530,2115.28964,-2.02661, 0.30982, 0.09099,27.48793, 7.14644,-20361.12548,-2.30814,-0.01415,-0.25220,
 3.50000,-600.25832,-0.19998,9888.92825, 0.00942, 2.32959, 0.15490,539.51693, 4.89840,-0.17511, 0.00417,-0.21469, 0.06259,2114.67302,-2.02626, 0.31596, 0.10486,40.63058, 7.27946,-35296.26867,-2.22972,-0.00908,-0.26814,
 3.60000,-595.64281,-0.21766,9886.79371, 0.01019, 2.30705, 0.16048,552.46022, 4.63266,-0.17949, 0.00402,-0.23544, 0.04856,2114.05032,-2.02591, 0.31625, 0.11688,52.02110, 7.40013,-48239.55928,-2.15673,-0.00495,-0.28035,
 3.70000,-589.83277,-0.23422,9884.86477, 0.01085, 2.28265, 0.16460,563.40960, 4.38059,-0.18217, 0.00380,-0.25173, 0.03345,2113.43147,-2.02558, 0.31118, 0.12704,61.65776, 7.50919,-59188.94046,-2.08966,-0.00183,-0.28864,
 3.80000,-583.02645,-0.24948,9883.12711, 0.01137, 2.25685, 0.16716,572.39310, 4.14433,-0.18309, 0.00351,-0.26343, 0.01751,2112.82535,-2.02527, 0.30129, 0.13538,69.56530, 7.60742,-68172.44779,-2.02891, 0.00023,-0.29292,
 3.90000,-575.41788,-0.26324,9881.56513, 0.01177, 2.23012, 0.16809,579.46554, 3.92560,-0.18220, 0.00315,-0.27050, 0.00101,2112.23984,-2.02500, 0.28713, 0.14195,75.79199, 7.69573,-75244.88698,-1.97474, 0.00122,-0.29313,
 4.00000,-567.19446,-0.27538,9880.16229, 0.01202, 2.20291, 0.16735,584.70509, 3.72578,-0.17950, 0.00274,-0.27300,-0.01579,2111.68171,-2.02478, 0.26931, 0.14681,80.40667, 7.77504,-80484.43057,-1.92729, 0.00111,-0.28931,
 4.10000,-558.53471,-0.28576,9878.90143, 0.01211, 2.17567, 0.16492,588.20985, 3.54583,-0.17501, 0.00229,-0.27108,-0.03261,2111.15669,-2.02460, 0.24839, 0.15006,83.49567, 7.84632,-83989.19235,-1.88660,-0.00007,-0.28153,
 4.20000,-549.60651,-0.29430,9877.76506, 0.01206, 2.14883, 0.16082,590.09449, 3.38638,-0.16877, 0.00180,-0.26491,-0.04916,2110.66946,-2.02448, 0.22497, 0.15181,85.15989, 7.91057,-85873.83316,-1.85262,-0.00231,-0.26994,
 4.30000,-540.56556,-0.30095,9876.73568, 0.01184, 2.12282, 0.15509,590.48690, 3.24774,-0.16086, 0.00128,-0.25477,-0.06520,2110.22367,-2.02443, 0.19962, 0.15217,85.51186, 7.96877,-86266.24585,-1.82520,-0.00555,-0.25475,
 4.40000,-531.55428,-0.30569,9875.79600, 0.01148, 2.09800, 0.14778,589.52502, 3.12987,-0.15139, 0.00075,-0.24096,-0.08047,2109.82202,-2.02443, 0.17289, 0.15128,84.67293, 8.02189,-85304.36151,-1.80410,-0.00974,-0.23620,
 4.50000,-522.70088,-0.30854,9874.92922, 0.01097, 2.07473, 0.13899,587.35377, 3.03247,-0.14047, 0.00021,-0.22382,-0.09472,2109.46627,-2.02450, 0.14531, 0.14926,82.77058, 8.07089,-83133.11323,-1.78905,-0.01481,-0.21459,
 4.60000,-514.11887,-0.30952,9874.11919, 0.01031, 2.05333, 0.12884,584.12224, 2.95499,-0.12827,-0.00032,-0.20372,-0.10775,2109.15733,-2.02463, 0.11737, 0.14626,79.93597, 8.11669,-79901.58762,-1.77967,-0.02066,-0.19027,
 4.70000,-505.90675,-0.30872,9873.35058, 0.00953, 2.03408, 0.11745,579.98105, 2.89666,-0.11493,-0.00084,-0.18107,-0.11937,2108.89532,-2.02482, 0.08952, 0.14241,76.30157, 8.16014,-75760.38882,-1.77558,-0.02720,-0.16361,
 4.80000,-498.14799,-0.30623,9872.60910, 0.00862, 2.01719, 0.10497,575.07989, 2.85649,-0.10065,-0.00134,-0.15626,-0.12941,2108.67965,-2.02507, 0.06217, 0.13786,71.99905, 8.20206,-70859.23392,-1.77633,-0.03433,-0.13501,
 4.90000,-490.91121,-0.30219,9871.88154, 0.00761, 2.00288, 0.09157,569.56545, 2.83334,-0.08561,-0.00181,-0.12971,-0.13773,2108.50907,-2.02538, 0.03569, 0.13274,67.15743, 8.24319,-65344.79366,-1.78146,-0.04194,-0.10488,
 5.00000,-484.25061,-0.29673,9871.15588, 0.00650, 1.99130, 0.07743,563.57944, 2.82596,-0.07002,-0.00224,-0.10184,-0.14422,2108.38181,-2.02573, 0.01040, 0.12718,61.90133, 8.28422,-59358.78700,-1.79157,-0.04990,-0.07366,
 5.10000,-478.20655,-0.29004,9870.42119, 0.00532, 1.98502, 0.06270,557.25635, 2.83610,-0.05405,-0.00270,-0.00167,-0.14958,2108.29520,-2.02615,-0.01496, 0.12130,56.34903, 8.32576,-53035.69466,-1.88515,-0.05861,-0.04551,
 5.20000,-472.80632,-0.28230,9869.66796, 0.00406, 1.99001, 0.04756,550.72338, 2.86649,-0.03791,-0.00304, 0.09649,-0.15217,2108.24766,-2.02663,-0.03288, 0.11523,50.61239, 8.36834,-46502.72008,-1.95498,-0.06702,-0.01387,
 5.30000,-468.06494,-0.27373,9868.88931, 0.00276, 2.00482, 0.03227,544.09810, 2.91388,-0.02189,-0.00337, 0.19811,-0.15255,2108.23549,-2.02714,-0.04865, 0.10908,44.79481, 8.41236,-39877.44735,-1.94697,-0.07577, 0.01806,
 5.40000,-463.98617,-0.26456,9868.07987, 0.00144, 2.02926, 0.01706,537.48825, 2.97605,-0.00619,-0.00360, 0.29083,-0.15084,2108.25553,-2.02767,-0.06178, 0.10294,38.99099, 8.45812,-33267.59118,-1.98439,-0.08413, 0.04936,
 5.50000,-460.56353,-0.25501,9867.23586, 0.00012, 2.06284, 0.00211,530.99078, 3.05081, 0.00896,-0.00379, 0.37955,-0.14714,2108.30445,-2.02823,-0.07189, 0.09690,33.28618, 8.50584,-26770.12340,-2.01386,-0.09236, 0.07925,
 5.60000,-457.78139,-0.24533,9866.35502,-0.00119, 2.10502,-0.01237,524.69167, 3.13594, 0.02336,-0.00392, 0.46320,-0.14145,2108.37871,-2.02879,-0.07932, 0.09105,27.75596, 8.55564,-20471.01062,-2.04427,-0.10024, 0.10758,
 5.70000,-455.61608,-0.23577,9865.43648,-0.00247, 2.15529,-0.02617,518.66560, 3.22940, 0.03683,-0.00397, 0.54145,-0.13387,2108.47478,-2.02935,-0.08409, 0.08545,22.46598, 8.60757,-14444.94226,-2.07716,-0.10764, 0.13400,
 5.80000,-454.03704,-0.22654,9864.48068,-0.00369, 2.21313,-0.03914,512.97596, 3.32923, 0.04918,-0.00397, 0.61443,-0.12453,2108.58914,-2.02990,-0.08634, 0.08017,17.47194, 8.66160,-8755.30218,-2.10980,-0.11448, 0.15813,
 5.90000,-453.00792,-0.21789,9863.48924,-0.00485, 2.27800,-0.05108,507.67497, 3.43360, 0.06026,-0.00390, 0.68202,-0.11358,2108.71832,-2.03042,-0.08620, 0.07524,12.81973, 8.71765,-3454.31453,-2.14252,-0.12066, 0.17967,
 6.00000,-452.48770,-0.21004,9862.46484,-0.00592, 2.34936,-0.06185,502.80399, 3.54082, 0.06993,-0.00376, 0.74422,-0.10121,2108.85899,-2.03092,-0.08385, 0.07072, 8.54568, 8.77557,1416.66425,-2.17481,-0.12611, 0.19836,
 6.10000,-452.43175,-0.20319,9861.41111,-0.00689, 2.42666,-0.07132,498.39394, 3.64932, 0.07809,-0.00357, 0.80104,-0.08761,2109.00795,-2.03137,-0.07947, 0.06662, 4.67695, 8.83514,5826.71559,-2.20626,-0.13075, 0.21398,
 6.20000,-452.79284,-0.19753,9860.33251,-0.00775, 2.50939,-0.07937,494.46584, 3.75771, 0.08462,-0.00333, 0.85255,-0.07301,2109.16219,-2.03178,-0.07323, 0.06297, 1.23197, 8.89612,9754.81441,-2.23659,-0.13455, 0.22638,
 6.30000,-453.52211,-0.19322,9859.23420,-0.00849, 2.59700,-0.08592,491.03147, 3.86472, 0.08948,-0.00304, 0.89883,-0.05761,2109.31893,-2.03213,-0.06535, 0.05978,-1.77894, 8.95821,13189.18915,-2.26553,-0.13746, 0.23544,
 6.40000,-454.56997,-0.19041,9858.12192,-0.00910, 2.68898,-0.09090,488.09405, 3.96923, 0.09263,-0.00270, 0.94000,-0.04166,2109.47558,-2.03243,-0.05602, 0.05705,-4.35298, 9.02110,16126.60467,-2.29285,-0.13946, 0.24110,
 6.50000,-455.88688,-0.18923,9857.00188,-0.00956, 2.78483,-0.09426,485.64907, 4.07027, 0.09403,-0.00233, 0.97619,-0.02539,2109.62986,-2.03266,-0.04545, 0.05478,-6.49417, 9.08442,18571.58645,-2.31838,-0.14054, 0.24336,
 6.60000,-457.42412,-0.18978,9855.88064,-0.00989, 2.88406,-0.09599,483.68505, 4.16703, 0.09371,-0.00194, 1.00759,-0.00903,2109.77969,-2.03284,-0.03384, 0.05295,-8.21263, 9.14781,20535.60331,-2.34198,-0.14071, 0.24224,
 6.70000,-459.13442,-0.19212,9854.76498,-0.01006, 2.98620,-0.09608,482.18443, 4.25881, 0.09170,-0.00151, 1.03437, 0.00719,2109.92329,-2.03294,-0.02141, 0.05155,-9.52384, 9.21088,22036.22487,-2.36355,-0.13998, 0.23783,
 6.80000,-460.97254,-0.19630,9853.66184,-0.01010, 3.09079,-0.09456,481.12439, 4.34505, 0.08805,-0.00108, 1.05674, 0.02305,2110.05914,-2.03298,-0.00834, 0.05057,-10.44793, 9.27325,23096.26894,-2.38303,-0.13839, 0.23026,
 6.90000,-462.89576,-0.20236,9852.57820,-0.00999, 3.19740,-0.09148,480.47770, 4.42533, 0.08283,-0.00064, 1.07492, 0.03835,2110.18597,-2.03296, 0.00517, 0.04996,-11.00884, 9.33451,23742.95245,-2.40039,-0.13598, 0.21970,
 7.00000,-464.86425,-0.21027,9851.52100,-0.00974, 3.30564,-0.08690,480.21360, 4.49933, 0.07614,-0.00020, 1.08914, 0.05287,2110.30280,-2.03287, 0.01894, 0.04972,-11.23369, 9.39428,24007.05842,-2.41563,-0.13280, 0.20633,
 7.10000,-466.84140,-0.22003,9850.49705,-0.00935, 3.41511,-0.08091,480.29853, 4.56686, 0.06810, 0.00024, 1.09965, 0.06646,2110.40885,-2.03272, 0.03279, 0.04979,-11.15201, 9.45217,23922.12981,-2.42877,-0.12890, 0.19041,
 7.20000,-468.79409,-0.23157,9849.51298,-0.00884, 3.52545,-0.07362,480.69696, 4.62781, 0.05883, 0.00066, 1.10669, 0.07894,2110.50362,-2.03252, 0.04657, 0.05016,-10.79506, 9.50780,23523.69990,-2.43986,-0.12437, 0.17218,
 7.30000,-470.69279,-0.24482,9848.57516,-0.00821, 3.63634,-0.06513,481.37209, 4.68217, 0.04847, 0.00107, 1.11051, 0.09018,2110.58679,-2.03226, 0.06013, 0.05079,-10.19523, 9.56082,22848.56699,-2.44897,-0.11927, 0.15194,
 7.40000,-472.51169,-0.25970,9847.68963,-0.00748, 3.74746,-0.05559,482.28654, 4.73002, 0.03717, 0.00144, 1.11138, 0.10007,2110.65827,-2.03196, 0.07333, 0.05164,-9.38544, 9.61089,21934.12027,-2.45620,-0.11369, 0.12999,
 7.50000,-474.22875,-0.27609,9846.86210,-0.00665, 3.85852,-0.04513,483.40293, 4.77149, 0.02509, 0.00179, 1.10953, 0.10850,2110.71815,-2.03162, 0.08606, 0.05267,-8.39854, 9.65767,20817.72177,-2.46164,-0.10771, 0.10665,
 7.60000,-475.82560,-0.29388,9846.09790,-0.00573, 3.96928,-0.03389,484.68451, 4.80681, 0.01240, 0.00210, 1.10523, 0.11540,2110.76668,-2.03124, 0.09820, 0.05386,-7.26692, 9.70088,19536.14850,-2.46541,-0.10143, 0.08223,
 7.70000,-477.28753,-0.31292,9845.40191,-0.00475, 4.07950,-0.02205,486.09556, 4.83621,-0.00073, 0.00238, 1.09871, 0.12074,2110.80425,-2.03083, 0.10968, 0.05517,-6.02196, 9.74022,18125.09716,-2.46763,-0.09492, 0.05708,
 7.80000,-478.60332,-0.33306,9844.77859,-0.00372, 4.18896,-0.00975,487.60190, 4.86002,-0.01414, 0.00261, 1.09021, 0.12447,2110.83139,-2.03040, 0.12041, 0.05657,-4.69375, 9.77546,16618.75283,-2.46842,-0.08828, 0.03152,
 7.90000,-479.76505,-0.35414,9844.23193,-0.00264, 4.29748, 0.00284,489.17123, 4.87857,-0.02766, 0.00281, 1.07996, 0.12661,2110.84873,-2.02995, 0.13032, 0.05802,-3.31071, 9.80637,15049.42208,-2.46793,-0.08160, 0.00587,
 8.00000,-480.76798,-0.37602,9843.76549,-0.00154, 4.40490, 0.01557,490.77343, 4.89222,-0.04112, 0.00295, 1.06819, 0.12717,2110.85697,-2.02949, 0.13939, 0.05951,-1.89933, 9.83274,13447.22952,-2.46628,-0.07495,-0.01956,
 8.10000,-481.61020,-0.39851,9843.38235,-0.00043, 4.51107, 0.02828,492.38078, 4.90136,-0.05437, 0.00305, 1.05509, 0.12619,2110.85691,-2.02903, 0.14756, 0.06100,-0.48400, 9.85440,11839.87655,-2.46361,-0.06843,-0.04446,
 8.20000,-482.29249,-0.42145,9843.08512, 0.00068, 4.61588, 0.04081,493.96820, 4.90638,-0.06725, 0.00311, 1.04087, 0.12374,2110.84937,-2.02858, 0.15482, 0.06248, 0.91322, 9.87120,10252.45958,-2.46005,-0.06211,-0.06856,
 8.30000,-482.81797,-0.44467,9842.87598, 0.00177, 4.71922, 0.05303,495.51331, 4.90769,-0.07963, 0.00312, 1.02571, 0.11988,2110.83521,-2.02813, 0.16117, 0.06391, 2.27266, 9.88303,8707.34499,-2.45572,-0.05606,-0.09159,
 8.40000,-483.19189,-0.46802,9842.75669, 0.00283, 4.82100, 0.06479,496.99656, 4.90568,-0.09138, 0.00308, 1.00978, 0.11472,2110.81531,-2.02770, 0.16659, 0.06529, 3.57710, 9.88977,7224.09711,-2.45075,-0.05035,-0.11331,
 8.50000,-483.42129,-0.49133,9842.72857, 0.00385, 4.92115, 0.07598,498.40120, 4.90074,-0.10237, 0.00300, 0.99324, 0.10837,2110.79056,-2.02729, 0.17110, 0.06659, 4.81183, 9.89136,5819.45508,-2.44526,-0.04503,-0.13351,
 8.60000,-483.51474,-0.51446,9842.79256, 0.00482, 5.01963, 0.08647,499.71330, 4.89326,-0.11251, 0.00289, 0.97624, 0.10093,2110.76180,-2.02691, 0.17473, 0.06781, 5.96460, 9.88774,4507.35451,-2.43934,-0.04015,-0.15201,
 8.70000,-483.48209,-0.53727,9842.94926, 0.00572, 5.11639, 0.09618,500.92167, 4.88360,-0.12171, 0.00273, 0.95889, 0.09256,2110.72990,-2.02655, 0.17749, 0.06893, 7.02555, 9.87888,3298.98893,-2.43311,-0.03577,-0.16864,
 8.80000,-483.33415,-0.55962,9843.19888, 0.00654, 5.21140, 0.10500,502.01775, 4.87211,-0.12989, 0.00255, 0.94133, 0.08338,2110.69564,-2.02623, 0.17943, 0.06995, 7.98718, 9.86477,2202.90658,-2.42665,-0.03191,-0.18327,
 8.90000,-483.08248,-0.58141,9843.54135, 0.00729, 5.30465, 0.11286,502.99552, 4.85912,-0.13700, 0.00233, 0.92366, 0.07353,2110.65981,-2.02595, 0.18059, 0.07086, 8.84418, 9.84541,1225.13749,-2.42005,-0.02860,-0.19581,
 9.00000,-482.73911,-0.60253,9843.97631, 0.00795, 5.39613, 0.11972,503.85131, 4.84492,-0.14298, 0.00209, 0.90597, 0.06317,2110.62311,-2.02570, 0.18101, 0.07166, 9.59334, 9.82082,369.34610,-2.41338,-0.02585,-0.20620,
 9.10000,-482.31634,-0.62288,9844.50315, 0.00851, 5.48585, 0.12551,504.58365, 4.82980,-0.14782, 0.00182, 0.88833, 0.05243,2110.58620,-2.02550, 0.18074, 0.07234,10.23337, 9.79104,-362.99540,-2.40671,-0.02370,-0.21438,
 9.20000,-481.82648,-0.64239,9845.12102, 0.00898, 5.57380, 0.13022,505.19307, 4.81400,-0.15150, 0.00154, 0.87083, 0.04148,2110.54967,-2.02534, 0.17984, 0.07291,10.76474, 9.75610,-972.41748,-2.40008,-0.02212,-0.22035,
 9.30000,-481.28174,-0.66101,9845.82888, 0.00935, 5.66002, 0.13382,505.68191, 4.79775,-0.15403, 0.00124, 0.85351, 0.03045,2110.51406,-2.02522, 0.17836, 0.07336,11.18951, 9.71609,-1461.25199,-2.39356,-0.02112,-0.22413,
 9.40000,-480.69399,-0.67869,9846.62553, 0.00962, 5.74451, 0.13632,506.05408, 4.78125,-0.15541, 0.00094, 0.83642, 0.01948,2110.47983,-2.02514, 0.17635, 0.07371,11.51113, 9.67105,-1833.42330,-2.38717,-0.02069,-0.22577,
 9.50000,-480.07464,-0.69539,9847.50962, 0.00979, 5.82731, 0.13773,506.31489, 4.76467,-0.15569, 0.00063, 0.81961, 0.00871,2110.44739,-2.02510, 0.17387, 0.07395,11.73428, 9.62106,-2094.23558,-2.38095,-0.02081,-0.22533,
 9.60000,-479.43451,-0.71111,9848.47969, 0.00986, 5.90845, 0.13808,506.47082, 4.74814,-0.15489, 0.00032, 0.80311,-0.00175,2110.41707,-2.02511, 0.17098, 0.07410,11.86465, 9.56622,-2250.16004,-2.37491,-0.02145,-0.22291,
 9.70000,-478.78373,-0.72585,9849.53420, 0.00983, 5.98794, 0.13739,506.52928, 4.73181,-0.15309, 0.00001, 0.78693,-0.01177,2110.38914,-2.02515, 0.16773, 0.07415,11.90878, 9.50660,-2308.62513,-2.36909,-0.02258,-0.21862,
 9.80000,-478.13163,-0.73961,9850.67152, 0.00971, 6.06584, 0.13574,506.49847, 4.71575,-0.15034,-0.00028, 0.77109,-0.02125,2110.36381,-2.02523, 0.16417, 0.07413,11.87387, 9.44231,-2277.81254,-2.36348,-0.02417,-0.21258,
 9.90000,-477.48672,-0.75242,9851.89000, 0.00951, 6.14217, 0.13316,506.38712, 4.70005,-0.14671,-0.00057, 0.75560,-0.03010,2110.34122,-2.02534, 0.16035, 0.07403,11.76763, 9.37342,-2166.46176,-2.35809,-0.02618,-0.20496,
10.00000,-476.85659,-0.76433,9853.18794, 0.00922, 6.21697, 0.12973,506.20434, 4.68476,-0.14228,-0.00084, 0.74047,-0.03823,2110.32147,-2.02549, 0.15633, 0.07386,11.59806, 9.30004,-1983.68495,-2.35292,-0.02857,-0.19590,
10.10000,-476.24792,-0.77538,9854.56366, 0.00885, 6.29028, 0.12552,505.95945, 4.66991,-0.13715,-0.00109, 0.72569,-0.04558,2110.30460,-2.02566, 0.15214, 0.07363,11.37336, 9.22226,-1738.79415,-2.34797,-0.03128,-0.18558,
10.20000,-475.66646,-0.78563,9856.01546, 0.00842, 6.36212, 0.12062,505.66180, 4.65554,-0.13140,-0.00133, 0.71126,-0.05210,2110.29060,-2.02586, 0.14784, 0.07336,11.10177, 9.14019,-1441.14221,-2.34321,-0.03427,-0.17418,
10.30000,-475.11701,-0.79515,9857.54166, 0.00792, 6.43254, 0.11511,505.32064, 4.64163,-0.12512,-0.00154, 0.69718,-0.05773,2110.27942,-2.02607, 0.14345, 0.07305,10.79142, 9.05390,-1099.97835,-2.33865,-0.03750,-0.16187,
10.40000,-474.60348,-0.80402,9859.14065, 0.00737, 6.50157, 0.10908,504.94498, 4.62819,-0.11842,-0.00172, 0.68343,-0.06245,2110.27097,-2.02631, 0.13901, 0.07270,10.45026, 8.96350,-724.31928,-2.33427,-0.04091,-0.14885,
10.50000,-474.12888,-0.81231,9860.81080, 0.00678, 6.56924, 0.10262,504.54349, 4.61520,-0.11140,-0.00188, 0.67000,-0.06624,2110.26514,-2.02655, 0.13456, 0.07233,10.08590, 8.86908,-322.83624,-2.33005,-0.04444,-0.13530,
10.60000,-473.69537,-0.82011,9862.55059, 0.00615, 6.63558, 0.09584,504.12441, 4.60262,-0.10414,-0.00202, 0.65688,-0.06911,2110.26176,-2.02681, 0.13012, 0.07194, 9.70561, 8.77072,96.24194,-2.32598,-0.04807,-0.12140,
10.70000,-473.30432,-0.82751,9864.35850, 0.00549, 6.70063, 0.08880,503.69545, 4.59043,-0.09674,-0.00212, 0.64406,-0.07106,2110.26068,-2.02707, 0.12571, 0.07155, 9.31616, 8.66851,525.20972,-2.32202,-0.05172,-0.10734,
10.80000,-472.95637,-0.83460,9866.23311, 0.00482, 6.76440, 0.08162,503.26371, 4.57858,-0.08930,-0.00220, 0.63151,-0.07211,2110.26170,-2.02733, 0.12137, 0.07115, 8.92381, 8.56253,956.95011,-2.31818,-0.05537,-0.09327,
10.90000,-472.65146,-0.84148,9868.17304, 0.00413, 6.82694, 0.07438,502.83567, 4.56702,-0.08191,-0.00225, 0.61923,-0.07229,2110.26461,-2.02759, 0.11710, 0.07076, 8.53426, 8.45285,1384.98484,-2.31442,-0.05896,-0.07938,
11.00000,-472.38892,-0.84823,9870.17698, 0.00345, 6.88826, 0.06717,502.41715, 4.55572,-0.07464,-0.00227, 0.60720,-0.07164,2110.26921,-2.02784, 0.11292, 0.07037, 8.15264, 8.33956,1803.51002,-2.31072,-0.06245,-0.06580,
11.10000,-472.16754,-0.85494,9872.24368, 0.00277, 6.94839, 0.06005,502.01324, 4.54462,-0.06758,-0.00227, 0.59540,-0.07021,2110.27528,-2.02809, 0.10883, 0.07000, 7.78343, 8.22272,2207.41836,-2.30708,-0.06581,-0.05268,
11.20000,-471.98563,-0.86170,9874.37196, 0.00210, 7.00735, 0.05312,501.62835, 4.53367,-0.06079,-0.00224, 0.58383,-0.06807,2110.28259,-2.02832, 0.10486, 0.06965, 7.43051, 8.10240,2592.30866,-2.30347,-0.06901,-0.04015,
11.30000,-471.84111,-0.86859,9876.56069, 0.00145, 7.06516, 0.04643,501.26617, 4.52284,-0.05434,-0.00218, 0.57247,-0.06526,2110.29094,-2.02854, 0.10101, 0.06931, 7.09714, 7.97866,2954.48394,-2.29988,-0.07201,-0.02831,
11.40000,-471.73154,-0.87569,9878.80880, 0.00083, 7.12184, 0.04006,500.92972, 4.51206,-0.04829,-0.00211, 0.56130,-0.06187,2110.30010,-2.02874, 0.09727, 0.06901, 6.78597, 7.85156,3290.93904,-2.29630,-0.07479,-0.01728,
11.50000,-471.65423,-0.88307,9881.11529, 0.00024, 7.17742, 0.03405,500.62132, 4.50132,-0.04268,-0.00201, 0.55033,-0.05797,2110.30988,-2.02893, 0.09365, 0.06872, 6.49905, 7.72116,3599.33918,-2.29270,-0.07732,-0.00713,
11.60000,-471.60629,-0.89079,9883.47918,-0.00032, 7.23192, 0.02846,500.34267, 4.49055,-0.03755,-0.00190, 0.53953,-0.05362,2110.32007,-2.02909, 0.09016, 0.06847, 6.23788, 7.58752,3877.99038,-2.28909,-0.07960, 0.00208,
11.70000,-471.58467,-0.89892,9885.89958,-0.00083, 7.28534, 0.02331,500.09485, 4.47974,-0.03293,-0.00177, 0.52891,-0.04892,2110.33051,-2.02924, 0.08678, 0.06824, 6.00343, 7.45068,4125.80326,-2.28545,-0.08160, 0.01029,
11.80000,-471.58627,-0.90750,9888.37559,-0.00129, 7.33770, 0.01866,499.87841, 4.46885,-0.02885,-0.00162, 0.51845,-0.04394,2110.34101,-2.02936, 0.08351, 0.06805, 5.79617, 7.31070,4342.25116,-2.28178,-0.08332, 0.01746,
11.90000,-471.60794,-0.91657,9890.90640,-0.00171, 7.38903, 0.01452,499.69333, 4.45785,-0.02533,-0.00147, 0.50816,-0.03876,2110.35143,-2.02946, 0.08035, 0.06788, 5.61610, 7.16762,4527.32392,-2.27807,-0.08475, 0.02357,
12.00000,-471.64657,-0.92618,9893.49120,-0.00208, 7.43934, 0.01090,499.53918, 4.44674,-0.02236,-0.00130, 0.49802,-0.03345,2110.36163,-2.02953, 0.07729, 0.06774, 5.46283, 7.02149,4681.47831,-2.27432,-0.08589, 0.02863,
12.10000,-471.69911,-0.93635,9896.12922,-0.00240, 7.48864, 0.00781,499.41507, 4.43549,-0.01995,-0.00113, 0.48803,-0.02809,2110.37148,-2.02958, 0.07434, 0.06763, 5.33561, 6.87235,4805.58630,-2.27052,-0.08675, 0.03263,
12.20000,-471.76260,-0.94710,9898.81972,-0.00267, 7.53695, 0.00527,499.31977, 4.42409,-0.01809,-0.00095, 0.47819,-0.02276,2110.38089,-2.02961, 0.07147, 0.06755, 5.23335, 6.72024,4900.88204,-2.26667,-0.08733, 0.03560,
12.30000,-471.83424,-0.95844,9901.56195,-0.00288, 7.58428, 0.00325,499.25175, 4.41254,-0.01677,-0.00078, 0.46851,-0.01752,2110.38977,-2.02962, 0.06868, 0.06749, 5.15470, 6.56521,4968.90854,-2.26279,-0.08765, 0.03758,
12.40000,-471.91140,-0.97037,9904.35522,-0.00305, 7.63066, 0.00175,499.20919, 4.40084,-0.01596,-0.00060, 0.45898,-0.01244,2110.39804,-2.02960, 0.06597, 0.06745, 5.09808, 6.40729,5011.46484,-2.25886,-0.08771, 0.03861,
12.50000,-471.99162,-0.98290,9907.19881,-0.00316, 7.67609, 0.00075,499.19010, 4.38899,-0.01564,-0.00042, 0.44959,-0.00757,2110.40564,-2.02957, 0.06333, 0.06744, 5.06174, 6.24653,5030.55447,-2.25489,-0.08753, 0.03874,
12.60000,-472.07267,-0.99600,9910.09205,-0.00323, 7.72058, 0.00022,499.19232, 4.37700,-0.01577,-0.00025, 0.44036,-0.00297,2110.41254,-2.02951, 0.06074, 0.06745, 5.04379, 6.08296,5028.33577,-2.25089,-0.08713, 0.03804,
12.70000,-472.15252,-1.00967,9913.03423,-0.00325, 7.76416, 0.00014,499.21358, 4.36488,-0.01633,-0.00009, 0.43128, 0.00132,2110.41871,-2.02944, 0.05822, 0.06747, 5.04224, 5.91662,5007.07467,-2.24687,-0.08654, 0.03659,
12.80000,-472.22939,-1.02388,9916.02468,-0.00323, 7.80684, 0.00048,499.25156, 4.35265,-0.01727, 0.00007, 0.42236, 0.00526,2110.42414,-2.02936, 0.05573, 0.06751, 5.05505, 5.74756,4969.10047,-2.24282,-0.08576, 0.03446,
12.90000,-472.30173,-1.03860,9919.06270,-0.00317, 7.84864, 0.00119,499.30389, 4.34032,-0.01854, 0.00021, 0.41360, 0.00882,2110.42882,-2.02926, 0.05329, 0.06757, 5.08015, 5.57580,4916.76489,-2.23877,-0.08483, 0.03173,
13.00000,-472.36821,-1.05380,9922.14762,-0.00308, 7.88957, 0.00223,499.36825, 4.32791,-0.02011, 0.00035, 0.40499, 0.01196,2110.43277,-2.02914, 0.05088, 0.06763, 5.11549, 5.40139,4852.40470,-2.23470,-0.08376, 0.02849,
13.10000,-472.42776,-1.06945,9925.27874,-0.00295, 7.92964, 0.00357,499.44235, 4.31545,-0.02192, 0.00047, 0.39655, 0.01468,2110.43600,-2.02902, 0.04851, 0.06771, 5.15908, 5.22438,4778.30823,-2.23064,-0.08259, 0.02483,
13.20000,-472.47949,-1.08549,9928.45535,-0.00280, 7.96888, 0.00516,499.52397, 4.30295,-0.02394, 0.00058, 0.38826, 0.01695,2110.43854,-2.02889, 0.04616, 0.06779, 5.20897, 5.04479,4696.68579,-2.22659,-0.08134, 0.02084,
13.30000,-472.52278,-1.10190,9931.67677,-0.00262, 8.00730, 0.00695,499.61101, 4.29043,-0.02611, 0.00068, 0.38015, 0.01877,2110.44044,-2.02876, 0.04383, 0.06787, 5.26331, 4.86266,4609.64418,-2.22255,-0.08003, 0.01661,
13.40000,-472.55718,-1.11863,9934.94227,-0.00242, 8.04492, 0.00890,499.70149, 4.27794,-0.02838, 0.00076, 0.37220, 0.02014,2110.44172,-2.02862, 0.04151, 0.06796, 5.32037, 4.67805,4519.16511,-2.21854,-0.07868, 0.01222,
13.50000,-472.58243,-1.13562,9938.25115,-0.00221, 8.08175, 0.01097,499.79357, 4.26548,-0.03072, 0.00083, 0.36443, 0.02107,2110.44245,-2.02848, 0.03922, 0.06805, 5.37854, 4.49098,4427.08762,-2.21457,-0.07732, 0.00776,
13.60000,-472.59847,-1.15283,9941.60268,-0.00199, 8.11781, 0.01311,499.88556, 4.25308,-0.03307, 0.00089, 0.35682, 0.02156,2110.44266,-2.02834, 0.03693, 0.06815, 5.43633, 4.30150,4335.09440,-2.21063,-0.07597, 0.00331,
13.70000,-472.60537,-1.17022,9944.99614,-0.00176, 8.15312, 0.01528,499.97596, 4.24077,-0.03540, 0.00093, 0.34938, 0.02165,2110.44242,-2.02820, 0.03466, 0.06824, 5.49244, 4.10965,4244.70163,-2.20674,-0.07465,-0.00105,
13.80000,-472.60337,-1.18773,9948.43078,-0.00152, 8.18769, 0.01744,500.06340, 4.22856,-0.03766, 0.00096, 0.34212, 0.02134,2110.44177,-2.02807, 0.03240, 0.06832, 5.54567, 3.91547,4157.25242,-2.20291,-0.07339,-0.00525,
13.90000,-472.59283,-1.20533,9951.90587,-0.00129, 8.22155, 0.01954,500.14674, 4.21649,-0.03982, 0.00097, 0.33502, 0.02066,2110.44077,-2.02794, 0.03015, 0.06841, 5.59502, 3.71901,4073.91341,-2.19913,-0.07218,-0.00923,
14.00000,-472.57420,-1.22297,9955.42067,-0.00107, 8.25470, 0.02157,500.22498, 4.20457,-0.04185, 0.00097, 0.32810, 0.01965,2110.43948,-2.02782, 0.02791, 0.06849, 5.63960, 3.52030,3995.67438,-2.19542,-0.07107,-0.01292,
14.10000,-472.54803,-1.24061,9958.97443,-0.00085, 8.28717, 0.02347,500.29731, 4.19283,-0.04372, 0.00096, 0.32135, 0.01833,2110.43796,-2.02770, 0.02569, 0.06856, 5.67872, 3.31939,3923.35050,-2.19178,-0.07004,-0.01628,
14.20000,-472.51495,-1.25821,9962.56640,-0.00064, 8.31898, 0.02523,500.36307, 4.18127,-0.04540, 0.00094, 0.31477, 0.01674,2110.43625,-2.02760, 0.02347, 0.06863, 5.71182, 3.11631,3857.58702,-2.18822,-0.06913,-0.01927,
14.30000,-472.47565,-1.27573,9966.19584,-0.00045, 8.35013, 0.02682,500.42179, 4.16992,-0.04687, 0.00091, 0.30835, 0.01491,2110.43440,-2.02750, 0.02127, 0.06869, 5.73846, 2.91112,3798.86604,-2.18473,-0.06833,-0.02183,
14.40000,-472.43084,-1.29314,9969.86201,-0.00027, 8.38065, 0.02821,500.47314, 4.15878,-0.04811, 0.00087, 0.30210, 0.01289,2110.43246,-2.02741, 0.01908, 0.06874, 5.75838, 2.70386,3747.51508,-2.18132,-0.06766,-0.02396,
14.50000,-472.38127,-1.31041,9973.56416,-0.00011, 8.41056, 0.02939,500.51694, 4.14788,-0.04911, 0.00082, 0.29602, 0.01071,2110.43048,-2.02734, 0.01690, 0.06879, 5.77141, 2.49455,3703.71712,-2.17800,-0.06712,-0.02561,
14.60000,-472.32771,-1.32752,9977.30154, 0.00003, 8.43986, 0.03035,500.55313, 4.13722,-0.04986, 0.00076, 0.29009, 0.00841,2110.42849,-2.02728, 0.01475, 0.06883, 5.77751, 2.28326,3667.52186,-2.17476,-0.06671,-0.02679,
14.70000,-472.27090,-1.34445,9981.07344, 0.00015, 8.46858, 0.03108,500.58180, 4.12681,-0.05035, 0.00070, 0.28432, 0.00603,2110.42653,-2.02722, 0.01261, 0.06886, 5.77676, 2.07002,3638.85786,-2.17161,-0.06644,-0.02748,
14.80000,-472.21159,-1.36117,9984.87912, 0.00025, 8.49673, 0.03156,500.60311, 4.11666,-0.05059, 0.00063, 0.27870, 0.00360,2110.42464,-2.02718, 0.01050, 0.06889, 5.76931, 1.85486,3617.54538,-2.16855,-0.06630,-0.02769,
14.90000,-472.15051,-1.37768,9988.71787, 0.00032, 8.52433, 0.03180,500.61735, 4.10677,-0.05057, 0.00057, 0.27323, 0.00117,2110.42283,-2.02716, 0.00841, 0.06891, 5.75542, 1.63784,3603.30952,-2.16557,-0.06629,-0.02741,
15.00000,-472.08835,-1.39396,9992.58897, 0.00037, 8.55138, 0.03180,500.62486, 4.09715,-0.05030, 0.00049, 0.26790,-0.00124,2110.42114,-2.02714, 0.00635, 0.06892, 5.73540, 1.41898,3595.79363,-2.16268,-0.06641,-0.02667,
15.10000,-472.02575,-1.41001,9996.49174, 0.00040, 8.57791, 0.03155,500.62608, 4.08779,-0.04979, 0.00042, 0.26271,-0.00358,2110.41959,-2.02713, 0.00431, 0.06893, 5.70963, 1.19834,3594.57251,-2.15987,-0.06666,-0.02549,
15.20000,-471.96332,-1.42583,10000.42548, 0.00041, 8.60393, 0.03108,500.62149, 4.07870,-0.04904, 0.00035, 0.25766,-0.00584,2110.41819,-2.02714, 0.00230, 0.06893, 5.67853, 0.97595,3599.16551,-2.15715,-0.06702,-0.02388,
15.30000,-471.90163,-1.44141,10004.38952, 0.00040, 8.62945, 0.03039,500.61161, 4.06988,-0.04809, 0.00028, 0.25274,-0.00799,2110.41694,-2.02715, 0.00033, 0.06893, 5.64258, 0.75184,3609.04909,-2.15451,-0.06748,-0.02188,
15.40000,-471.84116,-1.45676,10008.38321, 0.00037, 8.65448, 0.02948,500.59699, 4.06132,-0.04693, 0.00021, 0.24795,-0.00999,2110.41587,-2.02717,-0.00161, 0.06892, 5.60226, 0.52605,3623.66886,-2.15195,-0.06805,-0.01952,
15.50000,-471.78237,-1.47190,10012.40589, 0.00032, 8.67904, 0.02839,500.57821, 4.05301,-0.04559, 0.00015, 0.24328,-0.01184,2110.41497,-2.02720,-0.00352, 0.06891, 5.55808, 0.29863,3642.45090,-2.14947,-0.06870,-0.01684,
15.60000,-471.72564,-1.48682,10016.45694, 0.00025, 8.70314, 0.02712,500.55584, 4.04496,-0.04409, 0.00009, 0.23872,-0.01351,2110.41425,-2.02724,-0.00539, 0.06890, 5.51056, 0.06960,3664.81230,-2.14707,-0.06943,-0.01387,
15.70000,-471.67130,-1.50155,10020.53575, 0.00016, 8.72679, 0.02569,500.53049, 4.03716,-0.04245, 0.00003, 0.23428,-0.01498,2110.41370,-2.02729,-0.00722, 0.06888, 5.46022,-0.16099,3690.17080,-2.14474,-0.07022,-0.01066,
15.80000,-471.61962,-1.51610,10024.64170, 0.00006, 8.75000, 0.02412,500.50270, 4.02959,-0.04069,-0.00002, 0.22994,-0.01625,2110.41333,-2.02734,-0.00902, 0.06886, 5.40756,-0.39312,3717.95349,-2.14248,-0.07107,-0.00725,
15.90000,-471.57082,-1.53048,10028.77422,-0.00005, 8.77278, 0.02244,500.47305, 4.02226,-0.03883,-0.00007, 0.22571,-0.01731,2110.41312,-2.02739,-0.01078, 0.06884, 5.35307,-0.62675,3747.60453,-2.14028,-0.07196,-0.00368,
16.00000,-471.52506,-1.54471,10032.93274,-0.00017, 8.79515, 0.02066,500.44206, 4.01515,-0.03691,-0.00011, 0.22158,-0.01815,2110.41306,-2.02745,-0.01250, 0.06882, 5.29723,-0.86186,3778.59191,-2.13815,-0.07288, 0.00001,
16.10000,-471.48244,-1.55882,10037.11670,-0.00031, 8.81710, 0.01881,500.41024, 4.00826,-0.03493,-0.00014, 0.21754,-0.01878,2110.41315,-2.02751,-0.01417, 0.06880, 5.24049,-1.09840,3810.41310,-2.13608,-0.07382, 0.00376,
16.20000,-471.44302,-1.57282,10041.32557,-0.00044, 8.83866, 0.01690,500.37806, 4.00158,-0.03292,-0.00017, 0.21359,-0.01919,2110.41338,-2.02757,-0.01581, 0.06878, 5.18325,-1.33635,3842.59984,-2.13407,-0.07477, 0.00755,
16.30000,-471.40682,-1.58674,10045.55883,-0.00058, 8.85982, 0.01497,500.34593, 3.99509,-0.03091,-0.00019, 0.20973,-0.01938,2110.41373,-2.02764,-0.01741, 0.06876, 5.12590,-1.57567,3874.72183,-2.13211,-0.07571, 0.01133,
16.40000,-471.37382,-1.60059,10049.81596,-0.00073, 8.88061, 0.01303,500.31427, 3.98879,-0.02892,-0.00021, 0.20595,-0.01937,2110.41420,-2.02770,-0.01897, 0.06873, 5.06878,-1.81635,3906.38961,-2.13021,-0.07664, 0.01506,
16.50000,-471.34394,-1.61440,10054.09649,-0.00087, 8.90102, 0.01109,500.28340, 3.98268,-0.02696,-0.00022, 0.20225,-0.01917,2110.41475,-2.02776,-0.02049, 0.06871, 5.01221,-2.05835,3937.25644,-2.12835,-0.07755, 0.01871,
16.60000,-471.31710,-1.62818,10058.39993,-0.00102, 8.92106, 0.00919,500.25364, 3.97673,-0.02505,-0.00022, 0.19863,-0.01878,2110.41540,-2.02782,-0.02197, 0.06869, 4.95645,-2.30165,3967.01944,-2.12654,-0.07842, 0.02224,
16.70000,-471.29317,-1.64197,10062.72582,-0.00116, 8.94074, 0.00734,500.22524, 3.97095,-0.02321,-0.00022, 0.19508,-0.01822,2110.41611,-2.02787,-0.02342, 0.06867, 4.90173,-2.54621,3995.41992,-2.12478,-0.07926, 0.02563,
16.80000,-471.27200,-1.65577,10067.07371,-0.00129, 8.96008, 0.00555,500.19841, 3.96532,-0.02146,-0.00021, 0.19159,-0.01750,2110.41688,-2.02793,-0.02482, 0.06866, 4.84825,-2.79202,4022.24302,-2.12305,-0.08004, 0.02884,
16.90000,-471.25343,-1.66960,10071.44317,-0.00142, 8.97906, 0.00383,500.17334, 3.95984,-0.01980,-0.00019, 0.18818,-0.01665,2110.41769,-2.02798,-0.02619, 0.06864, 4.79616,-3.03905,4047.31675,-2.12137,-0.08077, 0.03185,
17.00000,-471.23727,-1.68349,10075.83377,-0.00154, 8.99771, 0.00221,500.15015, 3.95450,-0.01826,-0.00017, 0.18483,-0.01567,2110.41853,-2.02802,-0.02753, 0.06863, 4.74557,-3.28727,4070.51046,-2.11972,-0.08145, 0.03465,
17.10000,-471.22333,-1.69744,10080.24510,-0.00166, 9.01603, 0.00070,500.12892, 3.94930,-0.01683,-0.00015, 0.18154,-0.01458,2110.41940,-2.02806,-0.02883, 0.06862, 4.69658,-3.53667,4091.73280,-2.11811,-0.08206, 0.03721,
17.20000,-471.21142,-1.71148,10084.67676,-0.00176, 9.03402,-0.00071,500.10973, 3.94421,-0.01554,-0.00012, 0.17831,-0.01341,2110.42027,-2.02810,-0.03009, 0.06860, 4.64922,-3.78721,4110.92938,-2.11653,-0.08260, 0.03953,
17.30000,-471.20132,-1.72560,10089.12836,-0.00185, 9.05170,-0.00199,500.09258, 3.93925,-0.01437,-0.00009, 0.17514,-0.01218,2110.42113,-2.02813,-0.03133, 0.06860, 4.60353,-4.03888,4128.08002,-2.11499,-0.08307, 0.04160,
17.40000,-471.19283,-1.73983,10093.59953,-0.00193, 9.06905,-0.00315,500.07746, 3.93440,-0.01334,-0.00006, 0.17202,-0.01089,2110.42199,-2.02815,-0.03253, 0.06859, 4.55949,-4.29166,4143.19578,-2.11347,-0.08348, 0.04341,
17.50000,-471.18576,-1.75417,10098.08990,-0.00200, 9.08610,-0.00417,500.06434, 3.92966,-0.01245,-0.00002, 0.16896,-0.00957,2110.42282,-2.02817,-0.03370, 0.06859, 4.51707,-4.54553,4156.31580,-2.11198,-0.08382, 0.04496,
17.60000,-471.17990,-1.76863,10102.59910,-0.00206, 9.10285,-0.00506,500.05315, 3.92502,-0.01170, 0.00001, 0.16595,-0.00825,2110.42363,-2.02818,-0.03485, 0.06858, 4.47622,-4.80045,4167.50404,-2.11052,-0.08408, 0.04624,
17.70000,-471.17507,-1.78320,10107.12679,-0.00211, 9.11929,-0.00582,500.04381, 3.92049,-0.01109, 0.00005, 0.16299,-0.00692,2110.42441,-2.02819,-0.03596, 0.06858, 4.43687,-5.05643,4176.84594,-2.10909,-0.08428, 0.04728,
17.80000,-471.17108,-1.79790,10111.67262,-0.00214, 9.13545,-0.00645,500.03621, 3.91604,-0.01060, 0.00009, 0.16009,-0.00562,2110.42515,-2.02819,-0.03705, 0.06858, 4.39892,-5.31343,4184.44511,-2.10769,-0.08442, 0.04807,
17.90000,-471.16777,-1.81273,10116.23626,-0.00216, 9.15131,-0.00695,500.03024, 3.91169,-0.01025, 0.00013, 0.15723,-0.00435,2110.42584,-2.02819,-0.03812, 0.06859, 4.36228,-5.57143,4190.42003,-2.10631,-0.08449, 0.04863,
18.00000,-471.16498,-1.82768,10120.81738,-0.00217, 9.16690,-0.00733,500.02576, 3.90743,-0.01002, 0.00017, 0.15442,-0.00313,2110.42649,-2.02818,-0.03916, 0.06859, 4.32683,-5.83043,4194.90087,-2.10495,-0.08450, 0.04896,
18.10000,-471.16257,-1.84275,10125.41566,-0.00217, 9.18220,-0.00758,500.02263, 3.90325,-0.00990, 0.00020, 0.15166,-0.00198,2110.42710,-2.02816,-0.04018, 0.06860, 4.29245,-6.09039,4198.02641,-2.10362,-0.08447, 0.04909,
18.20000,-471.16042,-1.85794,10130.03078,-0.00216, 9.19723,-0.00773,500.02072, 3.89916,-0.00988, 0.00024, 0.14894,-0.00090,2110.42765,-2.02815,-0.04118, 0.06860, 4.25903,-6.35131,4199.94119,-2.10232,-0.08438, 0.04903,
18.30000,-471.15840,-1.87325,10134.66243,-0.00213, 9.21199,-0.00776,500.01986, 3.89515,-0.00997, 0.00027, 0.14627, 0.00010,2110.42815,-2.02813,-0.04216, 0.06861, 4.22642,-6.61316,4200.79278,-2.10103,-0.08424, 0.04880,
18.40000,-471.15641,-1.88865,10139.31031,-0.00210, 9.22648,-0.00771,500.01993, 3.89122,-0.01014, 0.00030, 0.14365, 0.00100,2110.42861,-2.02810,-0.04311, 0.06862, 4.19450,-6.87593,4200.72930,-2.09977,-0.08407, 0.04841,
18.50000,-471.15439,-1.90416,10143.97413,-0.00206, 9.24072,-0.00757,500.02076, 3.88736,-0.01039, 0.00033, 0.14107, 0.00181,2110.42901,-2.02808,-0.04405, 0.06863, 4.16316,-7.13960,4199.89718,-2.09854,-0.08386, 0.04789,
18.60000,-471.15224,-1.91975,10148.65359,-0.00201, 9.25470,-0.00735,500.02222, 3.88359,-0.01070, 0.00036, 0.13853, 0.00252,2110.42937,-2.02805,-0.04497, 0.06864, 4.13225,-7.40415,4198.43913,-2.09733,-0.08363, 0.04727,
18.70000,-471.14993,-1.93543,10153.34839,-0.00196, 9.26843,-0.00706,500.02416, 3.87989,-0.01106, 0.00038, 0.13604, 0.00312,2110.42968,-2.02802,-0.04588, 0.06865, 4.10167,-7.66957,4196.49239,-2.09614,-0.08337, 0.04655,
18.80000,-471.14740,-1.95117,10158.05827,-0.00190, 9.28191,-0.00673,500.02647, 3.87626,-0.01147, 0.00040, 0.13359, 0.00362,2110.42996,-2.02799,-0.04676, 0.06866, 4.07130,-7.93585,4194.18721,-2.09497,-0.08310, 0.04576,
18.90000,-471.14462,-1.96697,10162.78293,-0.00183, 9.29515,-0.00634,500.02901, 3.87272,-0.01191, 0.00041, 0.13118, 0.00400,2110.43019,-2.02795,-0.04764, 0.06867, 4.04103,-8.20295,4191.64560,-2.09383,-0.08282, 0.04493,
19.00000,-471.14159,-1.98282,10167.52211,-0.00176, 9.30815,-0.00593,500.03168, 3.86924,-0.01237, 0.00043, 0.12882, 0.00428,2110.43038,-2.02792,-0.04849, 0.06868, 4.01078,-8.47088,4188.98031,-2.09271,-0.08253, 0.04407,
19.10000,-471.13829,-1.99870,10172.27552,-0.00169, 9.32091,-0.00549,500.03436, 3.86584,-0.01284, 0.00044, 0.12649, 0.00446,2110.43054,-2.02788,-0.04933, 0.06869, 3.98044,-8.73962,4186.29405,-2.09161,-0.08224, 0.04320,
19.20000,-471.13472,-2.01461,10177.04292,-0.00162, 9.33345,-0.00504,500.03698, 3.86251,-0.01331, 0.00044, 0.12421, 0.00453,2110.43067,-2.02785,-0.05016, 0.06870, 3.94995,-9.00915,4183.67894,-2.09053,-0.08196, 0.04235,
19.30000,-471.13090,-2.03053,10181.82402,-0.00154, 9.34575,-0.00458,500.03944, 3.85925,-0.01376, 0.00045, 0.12196, 0.00452,2110.43078,-2.02782,-0.05097, 0.06871, 3.91922,-9.27945,4181.21615,-2.08948,-0.08169, 0.04152,
19.40000,-471.12684,-2.04646,10186.61858,-0.00147, 9.35784,-0.00414,500.04168, 3.85607,-0.01420, 0.00045, 0.11976, 0.00441,2110.43086,-2.02779,-0.05177, 0.06872, 3.88821,-9.55051,4178.97579,-2.08845,-0.08143, 0.04073,
19.50000,-471.12257,-2.06238,10191.42634,-0.00140, 9.36971,-0.00370,500.04364, 3.85296,-0.01462, 0.00044, 0.11760, 0.00422,2110.43092,-2.02776,-0.05256, 0.06873, 3.85687,-9.82231,4177.01691,-2.08744,-0.08119, 0.04000,
19.60000,-471.11812,-2.07827,10196.24705,-0.00133, 9.38136,-0.00329,500.04527, 3.84992,-0.01500, 0.00044, 0.11547, 0.00395,2110.43097,-2.02773,-0.05333, 0.06874, 3.82514,-10.09485,4175.38771,-2.08646,-0.08097, 0.03935,
19.70000,-471.11353,-2.09415,10201.08045,-0.00126, 9.39280,-0.00291,500.04653, 3.84695,-0.01534, 0.00043, 0.11339, 0.00362,2110.43100,-2.02770,-0.05409, 0.06875, 3.79300,-10.36811,4174.12590,-2.08550,-0.08077, 0.03877,
19.80000,-471.10883,-2.10998,10205.92631,-0.00120, 9.40404,-0.00257,500.04740, 3.84405,-0.01563, 0.00042, 0.11134, 0.00323,2110.43102,-2.02768,-0.05484, 0.06876, 3.76043,-10.64207,4173.25911,-2.08456,-0.08060, 0.03829,
19.90000,-471.10406,-2.12577,10210.78439,-0.00114, 9.41507,-0.00227,500.04785, 3.84122,-0.01587, 0.00041, 0.10933, 0.00279,2110.43103,-2.02766,-0.05558, 0.06877, 3.72741,-10.91672,4172.80553,-2.08364,-0.08046, 0.03790,
20.00000,-471.09927,-2.14151,10215.65445,-0.00108, 9.42591,-0.00201,500.04788, 3.83846,-0.01606, 0.00039, 0.10735, 0.00231,2110.43105,-2.02764,-0.05630, 0.06878, 3.69394,-11.19205,4172.77452,-2.08274,-0.08035, 0.03762,
