
time,npos,epos,alt,phi,theta,psi,vel,alpha,beta,p,q,r,nx,ny,nz,mach,qbar,ps,thrust,ele,ail,rud

 0.00000, 0.00000, 0.00000,20000.00000, 0.00000,12.84985, 0.00000,800.00000,12.84985, 0.00000, 0.00000, 0.00000, 0.00000,2258.35306,-2.93092, 2.51904, 0.46003,246.66670,-564.35134,2258.16083,-2.90805,-0.00334, 0.07450,
 0.10000,39.96724,-0.00178,20000.40009, 0.03378,12.83205,-0.00043,799.34348,11.69709,-0.00084, 0.61611,-0.55031,-0.00418,2258.33447,-2.93090, 2.37711, 0.45943,246.20333,-564.37396,2258.16083,-2.90805,-0.00334, 0.07450,
 0.20000,79.86827,-0.00689,20001.56692, 0.11426,12.73132,-0.00056,798.67476,10.53684, 0.00390, 0.95899,-1.43550, 0.00159,2258.30912,-2.93033, 2.20642, 0.45881,245.72800,-564.43993,2258.16083,-2.90805,-0.00334, 0.07450,
 0.30000,119.70177,-0.01474,20003.44569, 0.21961,12.55473,-0.00015,797.99348, 9.37997, 0.01188, 1.12037,-2.04048, 0.00634,2258.28380,-2.92979, 2.03835, 0.45818,245.24071,-564.54615,2258.16083,-2.90805,-0.00334, 0.07450,
 0.40000,159.46669,-0.02458,20005.98190, 0.33362,12.33409, 0.00068,797.30406, 8.25559, 0.02150, 1.13588,-2.32163, 0.01025,2258.26006,-2.92938, 1.87827, 0.45754,244.74481,-564.68953,2258.16083,-2.90805,-0.00334, 0.07450,
 0.50000,199.16244,-0.03564,20009.12357, 0.44298,12.09960, 0.00193,796.61051, 7.18945, 0.03125, 1.03033,-2.32704, 0.01476,2258.23830,-2.92906, 1.72900, 0.45690,244.24332,-564.86715,2258.16083,-2.90805,-0.00334, 0.07450,
 0.60000,238.78874,-0.04723,20012.82226, 0.53681,11.87598, 0.00371,795.91513, 6.20073, 0.03968, 0.82835,-2.11318, 0.02086,2258.21863,-2.92879, 1.59267, 0.45626,243.73811,-565.07625,2258.16083,-2.90805,-0.00334, 0.07450,
 0.70000,278.34543,-0.05875,20017.03371, 0.60677,11.68260, 0.00619,795.21851, 5.30239, 0.04550, 0.55560,-1.72983, 0.02875,2258.20104,-2.92850, 1.47070, 0.45562,243.22976,-565.31435,2258.16083,-2.90805,-0.00334, 0.07450,
 0.80000,317.83237,-0.06972,20021.71832, 0.64708,11.53427, 0.00954,794.51982, 4.50236, 0.04772, 0.23764,-1.21865, 0.03797,2258.18551,-2.92815, 1.36389, 0.45498,242.71788,-565.57919,2258.16083,-2.90805,-0.00334, 0.07450,
 0.90000,357.24926,-0.07981,20026.84138, 0.65445,11.44197, 0.01385,793.81714, 3.80450, 0.04567,-0.10150,-0.61447, 0.04753,2258.17196,-2.92771, 1.27245, 0.45433,242.20126,-565.86882,2258.16083,-2.90805,-0.00334, 0.07450,
 1.00000,396.59558,-0.08884,20032.37315, 0.62785,11.41349, 0.01908,793.10781, 3.20951, 0.03903,-0.44048, 0.05329, 0.05612,2258.16031,-2.92715, 1.19613, 0.45368,241.67817,-566.18156,2258.16083,-2.90805,-0.00334, 0.07450,
 1.10000,435.87050,-0.09680,20038.28881, 0.56822,11.45390, 0.02506,792.38865, 2.71556, 0.02787,-0.76135, 0.75956, 0.06225,2258.15045,-2.92648, 1.13438, 0.45302,241.14647,-566.51601,2258.16083,-2.90805,-0.00334, 0.07450,
 1.20000,475.07286,-0.10379,20044.56823, 0.47805,11.56597, 0.03147,791.65616, 2.31883, 0.01258,-1.04996, 1.48292, 0.06447,2258.14228,-2.92570, 1.08634, 0.45235,240.60380,-566.87101,2258.16083,-2.90805,-0.00334, 0.07450,
 1.30000,514.20116,-0.11009,20051.19573, 0.36108,11.75045, 0.03786,790.90671, 2.01394,-0.00614,-1.29612, 2.20515, 0.06146,2258.13565,-2.92484, 1.05100, 0.45166,240.04767,-567.24570,2258.16083,-2.90805,-0.00334, 0.07450,
 1.40000,553.25352,-0.11606,20058.15974, 0.22182,12.00644, 0.04363,790.13664, 1.79437,-0.02736,-1.49348, 2.91091, 0.05220,2258.13045,-2.92392, 1.02721, 0.45096,239.47556,-567.63941,2258.16083,-2.90805,-0.00334, 0.07450,
 1.50000,592.22769,-0.12221,20065.45245, 0.06525,12.33166, 0.04813,789.34239, 1.65274,-0.05002,-1.63926, 3.58754, 0.03599,2258.12654,-2.92299, 1.01372, 0.45023,238.88500,-568.05171,2258.16083,-2.90805,-0.00334, 0.07450,
 1.60000,631.12108,-0.12910,20073.06934,-0.10354,12.72264, 0.05063,788.52055, 1.58111,-0.07294,-1.73391, 4.22485, 0.01256,2258.12376,-2.92209, 1.00926, 0.44948,238.27362,-568.48233,2258.16083,-2.90805,-0.00334, 0.07450,
 1.70000,669.93077,-0.13741,20081.00888,-0.27967,13.17505, 0.05042,787.66796, 1.57124,-0.09495,-1.78058, 4.81494,-0.01794,2258.12199,-2.92125, 1.01254, 0.44870,237.63920,-568.93119,2258.16083,-2.90805,-0.00334, 0.07450,
 1.80000,708.65355,-0.14783,20089.27201,-0.45866,13.68386, 0.04681,786.78175, 1.61481,-0.11495,-1.78460, 5.35202,-0.05493,2258.12108,-2.92051, 1.02230, 0.44788,236.97971,-569.39835,2258.16083,-2.90805,-0.00334, 0.07450,
 1.90000,747.28591,-0.16116,20097.86178,-0.63666,14.24355, 0.03918,785.85934, 1.70358,-0.13196,-1.75287, 5.83220,-0.09749,2258.12091,-2.91990, 1.03729, 0.44704,236.29334,-569.88397,2258.16083,-2.90805,-0.00334, 0.07450,
 2.00000,785.82414,-0.17819,20106.78294,-0.81052,14.84833, 0.02704,784.89851, 1.82958,-0.14517,-1.69334, 6.25332,-0.14433,2258.12135,-2.91946, 1.05638, 0.44616,235.57849,-570.38833,2258.16083,-2.90805,-0.00334, 0.07450,
 2.10000,824.26427,-0.19975,20116.04160,-0.97794,15.49223, 0.01004,783.89738, 1.98519,-0.15401,-1.61436, 6.61470,-0.19394,2258.12228,-2.91919, 1.07847, 0.44524,234.83381,-570.91177,2258.16083,-2.90805,-0.00334, 0.07450,
 2.20000,862.60222,-0.22671,20125.64481,-1.13740,16.16930,-0.01203,782.85441, 2.16331,-0.15814,-1.52421, 6.91698,-0.24467,2258.12359,-2.91911, 1.10256, 0.44429,234.05821,-571.45469,2258.16083,-2.90805,-0.00334, 0.07450,
 2.30000,900.83372,-0.25994,20135.60030,-1.28818,16.87371,-0.03919,781.76842, 2.35737,-0.15747,-1.43064, 7.16191,-0.29478,2258.12520,-2.91922, 1.12777, 0.44329,233.25080,-572.01752,2258.16083,-2.90805,-0.00334, 0.07450,
 2.40000,938.95444,-0.30032,20145.91617,-1.43027,17.59985,-0.07128,780.63853, 2.56143,-0.15216,-1.34050, 7.35213,-0.34257,2258.12700,-2.91950, 1.15330, 0.44226,232.41094,-572.60073,2258.16083,-2.90805,-0.00334, 0.07450,
 2.50000,976.95995,-0.34875,20156.60062,-1.56428,18.34242,-0.10800,779.46420, 2.77019,-0.14261,-1.25941, 7.49103,-0.38649,2258.12892,-2.91994, 1.17845, 0.44118,231.53822,-573.20478,2258.16083,-2.90805,-0.00334, 0.07450,
 2.60000,1014.84579,-0.40614,20167.66176,-1.69128,19.09648,-0.14889,778.24516, 2.97902,-0.12940,-1.19162, 7.58254,-0.42516,2258.13089,-2.92051, 1.20265, 0.44007,230.63239,-573.83012,2258.16083,-2.90805,-0.00334, 0.07450,
 2.70000,1052.60749,-0.47337,20179.10737,-1.81269,19.85750,-0.19336,776.98141, 3.18394,-0.11328,-1.13991, 7.63098,-0.45749,2258.13285,-2.92118, 1.22539, 0.43891,229.69344,-574.47720,2258.16083,-2.90805,-0.00334, 0.07450,
 2.80000,1090.24058,-0.55137,20190.94479,-1.93012,20.62139,-0.24073,775.67315, 3.38163,-0.09511,-1.10553, 7.64093,-0.48268,2258.13477,-2.92192, 1.24629, 0.43771,228.72147,-575.14643,2258.16083,-2.90805,-0.00334, 0.07450,
 2.90000,1127.74065,-0.64103,20203.18076,-2.04522,21.38456,-0.29025,774.32083, 3.56940,-0.07582,-1.08837, 7.61709,-0.50030,2258.13659,-2.92268, 1.26505, 0.43647,227.71676,-575.83819,2258.16083,-2.90805,-0.00334, 0.07450,
 3.00000,1165.10330,-0.74325,20215.82133,-2.15956,22.14384,-0.34116,772.92503, 3.74515,-0.05634,-1.08703, 7.56416,-0.51026,2258.13829,-2.92344, 1.28144, 0.43519,226.67970,-576.55283,2258.16083,-2.90805,-0.00334, 0.07450,
 3.10000,1202.32423,-0.85893,20228.87181,-2.27453,22.89657,-0.39270,771.48651, 3.90732,-0.03758,-1.09908, 7.48675,-0.51282,2258.13984,-2.92415, 1.29533, 0.43388,225.61080,-577.29064,2258.16083,-2.90805,-0.00334, 0.07450,
 3.20000,1239.39921,-0.98895,20242.33669,-2.39124,23.64052,-0.44415,770.00612, 4.05486,-0.02037,-1.12129, 7.38930,-0.50856,2258.14124,-2.92479, 1.30665, 0.43252,224.51064,-578.05188,2258.16083,-2.90805,-0.00334, 0.07450,
 3.30000,1276.32409,-1.13418,20256.21963,-2.51044,24.37390,-0.49486,768.48482, 4.18718,-0.00540,-1.14990, 7.27602,-0.49834,2258.14246,-2.92532, 1.31537, 0.43113,223.37986,-578.83675,2258.16083,-2.90805,-0.00334, 0.07450,
 3.40000,1313.09484,-1.29547,20270.52348,-2.63251,25.09533,-0.54428,766.92361, 4.30407, 0.00676,-1.18094, 7.15081,-0.48324,2258.14351,-2.92573, 1.32155, 0.42970,222.21918,-579.64542,2258.16083,-2.90805,-0.00334, 0.07450,
 3.50000,1349.70752,-1.47365,20285.25024,-2.75744,25.80379,-0.59199,765.32356, 4.40569, 0.01572,-1.21043, 7.01728,-0.46448,2258.14439,-2.92600, 1.32525, 0.42823,221.02932,-580.47800,2258.16083,-2.90805,-0.00334, 0.07450,
 3.60000,1386.15829,-1.66953,20300.40114,-2.88487,26.49862,-0.63769,763.68573, 4.49249, 0.02126,-1.23471, 6.87865,-0.44342,2258.14510,-2.92613, 1.32660, 0.42673,219.81104,-581.33456,2258.16083,-2.90805,-0.00334, 0.07450,
 3.70000,1422.44344,-1.88386,20315.97663,-3.01409,27.17945,-0.68120,762.01122, 4.56514, 0.02335,-1.25060, 6.73778,-0.42139,2258.14566,-2.92612, 1.32574, 0.42520,218.56509,-582.21512,2258.16083,-2.90805,-0.00334, 0.07450,
 3.80000,1458.55935,-2.11738,20331.97646,-3.14412,27.84618,-0.72251,760.30107, 4.62454, 0.02211,-1.25559, 6.59716,-0.39971,2258.14606,-2.92597, 1.32285, 0.42363,217.29222,-583.11968,2258.16083,-2.90805,-0.00334, 0.07450,
 3.90000,1494.50250,-2.37078,20348.39974,-3.27379,28.49896,-0.76170,758.55634, 4.67173, 0.01783,-1.24793, 6.45891,-0.37960,2258.14633,-2.92570, 1.31810, 0.42203,215.99317,-584.04817,2258.16083,-2.90805,-0.00334, 0.07450,
 4.00000,1530.26950,-2.64472,20365.24496,-3.40181,29.13810,-0.79900,756.77803, 4.70783, 0.01094,-1.22677, 6.32479,-0.36210,2258.14648,-2.92532, 1.31168, 0.42041,214.66865,-585.00052,2258.16083,-2.90805,-0.00334, 0.07450,
 4.10000,1565.85702,-2.93980,20382.51007,-3.52686,29.76410,-0.83470,754.96709, 4.73407, 0.00194,-1.19207, 6.19619,-0.34806,2258.14653,-2.92485, 1.30380, 0.41875,213.31934,-585.97660,2258.16083,-2.90805,-0.00334, 0.07450,
 4.20000,1601.26186,-3.25660,20400.19256,-3.64766,30.37756,-0.86919,753.12442, 4.75168,-0.00857,-1.14465, 6.07421,-0.33812,2258.14648,-2.92433, 1.29464, 0.41706,211.94588,-586.97628,2258.16083,-2.90805,-0.00334, 0.07450,
 4.30000,1636.48088,-3.59562,20418.28951,-3.76305,30.97919,-0.90290,751.25086, 4.76191,-0.01997,-1.08605, 5.95962,-0.33265,2258.14636,-2.92377, 1.28440, 0.41535,210.54888,-587.99940,2258.16083,-2.90805,-0.00334, 0.07450,
 4.40000,1671.51103,-3.95736,20436.79764,-3.87207,31.56975,-0.93629,749.34721, 4.76598,-0.03164,-1.01843, 5.85293,-0.33179,2258.14617,-2.92319, 1.27326, 0.41361,209.12891,-589.04576,2258.16083,-2.90805,-0.00334, 0.07450,
 4.50000,1706.34934,-4.34226,20455.71339,-3.97401,32.15005,-0.96983,747.41418, 4.76508,-0.04298,-0.94443, 5.75442,-0.33545,2258.14594,-2.92263, 1.26139, 0.41184,207.68649,-590.11516,2258.16083,-2.90805,-0.00334, 0.07450,
 4.60000,1740.99291,-4.75072,20475.03296,-4.06842,32.72090,-1.00395,745.45243, 4.76033,-0.05345,-0.86698, 5.66411,-0.34330,2258.14568,-2.92211, 1.24895, 0.41004,206.22210,-591.20740,2258.16083,-2.90805,-0.00334, 0.07450,
 4.70000,1775.43889,-5.18312,20494.75236,-4.15514,33.28314,-1.03904,743.46257, 4.75276,-0.06261,-0.78915, 5.58188,-0.35484,2258.14540,-2.92163, 1.23608, 0.40822,204.73619,-592.32223,2258.16083,-2.90805,-0.00334, 0.07450,
 4.80000,1809.68450,-5.63982,20514.86749,-4.23433,33.83754,-1.07546,741.44513, 4.74334,-0.07008,-0.71394, 5.50743,-0.36943,2258.14511,-2.92122, 1.22293, 0.40638,203.22914,-593.45945,2258.16083,-2.90805,-0.00334, 0.07450,
 4.90000,1843.72701,-6.12113,20535.37412,-4.30644,34.38487,-1.11347,739.40061, 4.73293,-0.07564,-0.64416, 5.44033,-0.38630,2258.14482,-2.92089, 1.20961, 0.40451,201.70133,-594.61879,2258.16083,-2.90805,-0.00334, 0.07450,
 5.00000,1877.56374,-6.62738,20556.26798,-4.37214,34.92583,-1.15326,737.32945, 4.72229,-0.07914,-0.58226, 5.38007,-0.40465,2258.14454,-2.92063, 1.19621, 0.40261,200.15307,-595.80003,2258.16083,-2.90805,-0.00334, 0.07450,
 5.10000,1911.19203,-7.15886,20577.54480,-4.43233,35.46109,-1.19494,735.23203, 4.71208,-0.08057,-0.53024, 5.32604,-0.42364,2258.14428,-2.92046, 1.18283, 0.40069,198.58468,-597.00292,2258.16083,-2.90805,-0.00334, 0.07450,
 5.20000,1944.60928,-7.71589,20599.20027,-4.48810,35.99123,-1.23852,733.10872, 4.70289,-0.08002,-0.48954, 5.27758,-0.44247,2258.14405,-2.92036, 1.16953, 0.39875,196.99640,-598.22721,2258.16083,-2.90805,-0.00334, 0.07450,
 5.30000,1977.81292,-8.29876,20621.23015,-4.54061,36.51677,-1.28396,730.95981, 4.69517,-0.07768,-0.46097, 5.23401,-0.46040,2258.14384,-2.92032, 1.15638, 0.39679,195.38849,-599.47267,2258.16083,-2.90805,-0.00334, 0.07450,
 5.40000,2010.80040,-8.90776,20643.63021,-4.59107,37.03817,-1.33113,728.78561, 4.68930,-0.07382,-0.44477, 5.19463,-0.47681,2258.14367,-2.92035, 1.14341, 0.39480,193.76115,-600.73906,2258.16083,-2.90805,-0.00334, 0.07450,
 5.50000,2043.56921,-9.54322,20666.39631,-4.64069,37.55581,-1.37985,726.58637, 4.68558,-0.06877,-0.44053, 5.15874,-0.49117,2258.14353,-2.92042, 1.13065, 0.39279,192.11460,-602.02615,2258.16083,-2.90805,-0.00334, 0.07450,
 5.60000,2076.11685,-10.20545,20689.52437,-4.69060,38.07001,-1.42991,724.36231, 4.68420,-0.06289,-0.44733, 5.12566,-0.50314,2258.14343,-2.92052, 1.11814, 0.39076,190.44902,-603.33370,2258.16083,-2.90805,-0.00334, 0.07450,
 5.70000,2108.44085,-10.89479,20713.01038,-4.74180,38.58102,-1.48103,722.11368, 4.68531,-0.05656,-0.46374, 5.09474,-0.51248,2258.14337,-2.92063, 1.10587, 0.38870,188.76457,-604.66148,2258.16083,-2.90805,-0.00334, 0.07450,
 5.80000,2140.53877,-11.61157,20736.85041,-4.79514,39.08901,-1.53296,719.84066, 4.68897,-0.05017,-0.48795, 5.06535,-0.51915,2258.14334,-2.92075, 1.09385, 0.38662,187.06142,-606.00928,2258.16083,-2.90805,-0.00334, 0.07450,
 5.90000,2172.40818,-12.35616,20761.04063,-4.85126,39.59412,-1.58543,717.54347, 4.69520,-0.04407,-0.51789, 5.03694,-0.52321,2258.14336,-2.92085, 1.08207, 0.38452,185.33973,-607.37688,2258.16083,-2.90805,-0.00334, 0.07450,
 6.00000,2204.04666,-13.12892,20785.57725,-4.91061,40.09641,-1.63818,715.22230, 4.70395,-0.03857,-0.55131, 5.00897,-0.52489,2258.14341,-2.92092, 1.07052, 0.38240,183.59965,-608.76406,2258.16083,-2.90805,-0.00334, 0.07450,
 6.10000,2235.45184,-13.93023,20810.45661,-4.97338,40.59591,-1.69100,712.87733, 4.71515,-0.03395,-0.58594, 4.98098,-0.52450,2258.14350,-2.92096, 1.05918, 0.38026,181.84134,-610.17062,2258.16083,-2.90805,-0.00334, 0.07450,
 6.20000,2266.62134,-14.76047,20835.67506,-5.03957,41.09259,-1.74369,710.50877, 4.72867,-0.03039,-0.61959, 4.95256,-0.52244,2258.14362,-2.92096, 1.04803, 0.37810,180.06495,-611.59634,2258.16083,-2.90805,-0.00334, 0.07450,
 6.30000,2297.55282,-15.62004,20861.22905,-5.10896,41.58640,-1.79611,708.11681, 4.74437,-0.02802,-0.65025, 4.92335,-0.51918,2258.14377,-2.92091, 1.03705, 0.37591,178.27062,-613.04104,2258.16083,-2.90805,-0.00334, 0.07450,
 6.40000,2328.24393,-16.50933,20887.11508,-5.18115,42.07723,-1.84816,705.70165, 4.76208,-0.02690,-0.67618, 4.89307,-0.51521,2258.14394,-2.92081, 1.02621, 0.37370,176.45852,-614.50451,2258.16083,-2.90805,-0.00334, 0.07450,
 6.50000,2358.69238,-17.42874,20913.32968,-5.25559,42.56497,-1.89979,703.26351, 4.78163,-0.02701,-0.69597, 4.86145,-0.51102,2258.14415,-2.92066, 1.01549, 0.37148,174.62882,-615.98656,2258.16083,-2.90805,-0.00334, 0.07450,
 6.60000,2388.89587,-18.37864,20939.86943,-5.33162,43.04947,-1.95102,700.80260, 4.80282,-0.02827,-0.70862, 4.82832,-0.50707,2258.14437,-2.92047, 1.00484, 0.36923,172.78167,-617.48699,2258.16083,-2.90805,-0.00334, 0.07450,
 6.70000,2418.85215,-19.35943,20966.73094,-5.40848,43.53058,-2.00187,698.31915, 4.82547,-0.03053,-0.71354, 4.79353,-0.50379,2258.14462,-2.92024, 0.99425, 0.36696,170.91727,-619.00561,2258.16083,-2.90805,-0.00334, 0.07450,
 6.80000,2448.55896,-20.37149,20993.91083,-5.48541,44.00812,-2.05245,695.81341, 4.84939,-0.03362,-0.71057, 4.75698,-0.50151,2258.14488,-2.91997, 0.98369, 0.36467,169.03578,-620.54222,2258.16083,-2.90805,-0.00334, 0.07450,
 6.90000,2478.01409,-21.41519,21021.40572,-5.56164,44.48191,-2.10285,693.28561, 4.87437,-0.03731,-0.69992, 4.71862,-0.50051,2258.14515,-2.91968, 0.97314, 0.36236,167.13740,-622.09665,2258.16083,-2.90805,-0.00334, 0.07450,
 7.00000,2507.21536,-22.49087,21049.21226,-5.63644,44.95178,-2.15323,690.73602, 4.90026,-0.04138,-0.68221, 4.67842,-0.50096,2258.14544,-2.91938, 0.96256, 0.36003,165.22233,-623.66870,2258.16083,-2.90805,-0.00334, 0.07450,
 7.10000,2536.16058,-23.59889,21077.32708,-5.70916,45.41754,-2.20373,688.16491, 4.92687,-0.04557,-0.65832, 4.63639,-0.50294,2258.14573,-2.91907, 0.95194, 0.35768,163.29076,-625.25817,2258.16083,-2.90805,-0.00334, 0.07450,
 7.20000,2564.84763,-24.73957,21105.74677,-5.77927,45.87900,-2.25450,685.57256, 4.95405,-0.04966,-0.62942, 4.59258,-0.50643,2258.14604,-2.91877, 0.94125, 0.35532,161.34293,-626.86489,2258.16083,-2.90805,-0.00334, 0.07450,
 7.30000,2593.27440,-25.91324,21134.46795,-5.84633,46.33599,-2.30570,682.95927, 4.98165,-0.05343,-0.59682, 4.54703,-0.51135,2258.14634,-2.91848, 0.93048, 0.35293,159.37903,-628.48864,2258.16083,-2.90805,-0.00334, 0.07450,
 7.40000,2621.43880,-27.12020,21163.48717,-5.91008,46.78835,-2.35746,680.32532, 5.00956,-0.05670,-0.56191, 4.49984,-0.51751,2258.14665,-2.91820, 0.91962, 0.35052,157.39930,-630.12925,2258.16083,-2.90805,-0.00334, 0.07450,
 7.50000,2649.33878,-28.36073,21192.80098,-5.97035,47.23591,-2.40989,677.67103, 5.03765,-0.05932,-0.52613, 4.45109,-0.52468,2258.14697,-2.91796, 0.90865, 0.34810,155.40398,-631.78651,2258.16083,-2.90805,-0.00334, 0.07450,
 7.60000,2676.97233,-29.63513,21222.40588,-6.02714,47.67852,-2.46308,674.99672, 5.06583,-0.06119,-0.49083, 4.40089,-0.53258,2258.14728,-2.91773, 0.89756, 0.34566,153.39330,-633.46022,2258.16083,-2.90805,-0.00334, 0.07450,
 7.70000,2704.33747,-30.94367,21252.29834,-6.08057,48.11604,-2.51709,672.30271, 5.09402,-0.06224,-0.45724, 4.34934,-0.54090,2258.14759,-2.91754, 0.88634, 0.34320,151.36750,-635.15020,2258.16083,-2.90805,-0.00334, 0.07450,
 7.80000,2731.43223,-32.28660,21282.47477,-6.13086,48.54835,-2.57195,669.58934, 5.12213,-0.06247,-0.42641, 4.29657,-0.54931,2258.14790,-2.91739, 0.87499, 0.34072,149.32683,-636.85623,2258.16083,-2.90805,-0.00334, 0.07450,
 7.90000,2758.25470,-33.66418,21312.93155,-6.17834,48.97532,-2.62764,666.85694, 5.15013,-0.06190,-0.39917, 4.24268,-0.55752,2258.14821,-2.91726, 0.86349, 0.33823,147.27156,-638.57810,2258.16083,-2.90805,-0.00334, 0.07450,
 8.00000,2784.80300,-35.07667,21343.66504,-6.22339,49.39685,-2.68414,664.10586, 5.17797,-0.06061,-0.37609, 4.18779,-0.56523,2258.14851,-2.91715, 0.85186, 0.33571,145.20193,-640.31563,2258.16083,-2.90805,-0.00334, 0.07450,
 8.10000,2811.07526,-36.52430,21374.67151,-6.26643,49.81285,-2.74138,661.33645, 5.20562,-0.05871,-0.35749, 4.13200,-0.57220,2258.14882,-2.91707, 0.84009, 0.33319,143.11820,-642.06858,2258.16083,-2.90805,-0.00334, 0.07450,
 8.20000,2837.06969,-38.00731,21405.94721,-6.30792,50.22322,-2.79927,658.54906, 5.23306,-0.05631,-0.34340, 4.07543,-0.57822,2258.14912,-2.91700, 0.82818, 0.33064,141.02066,-643.83676,2258.16083,-2.90805,-0.00334, 0.07450,
 8.30000,2862.78449,-39.52595,21437.48835,-6.34828,50.62791,-2.85772,655.74405, 5.26028,-0.05358,-0.33365, 4.01817,-0.58315,2258.14941,-2.91695, 0.81613, 0.32808,138.90955,-645.61994,2258.16083,-2.90805,-0.00334, 0.07450,
 8.40000,2888.21792,-41.08045,21469.29109,-6.38791,51.02684,-2.91660,652.92177, 5.28727,-0.05066,-0.32781, 3.96031,-0.58692,2258.14970,-2.91690, 0.80394, 0.32550,136.78515,-647.41791,2258.16083,-2.90805,-0.00334, 0.07450,
 8.50000,2913.36828,-42.67104,21501.35153,-6.42716,51.41995,-2.97580,650.08259, 5.31405,-0.04771,-0.32528, 3.90194,-0.58948,2258.14999,-2.91685, 0.79163, 0.32291,134.64773,-649.23045,2258.16083,-2.90805,-0.00334, 0.07450,
 8.60000,2938.23389,-44.29795,21533.66576,-6.46632,51.80721,-3.03521,647.22688, 5.34062,-0.04488,-0.32534, 3.84312,-0.59089,2258.15028,-2.91680, 0.77919, 0.32031,132.49758,-651.05734,2258.16083,-2.90805,-0.00334, 0.07450,
 8.70000,2962.81312,-45.96140,21566.22980,-6.50559,52.18857,-3.09469,644.35499, 5.36700,-0.04230,-0.32714, 3.78392,-0.59123,2258.15056,-2.91673, 0.76663, 0.31768,130.33495,-652.89836,2258.16083,-2.90805,-0.00334, 0.07450,
 8.80000,2987.10436,-47.66163,21599.03966,-6.54509,52.56398,-3.15417,641.46731, 5.39321,-0.04007,-0.32983, 3.72440,-0.59063,2258.15084,-2.91664, 0.75395, 0.31505,128.16012,-654.75326,2258.16083,-2.90805,-0.00334, 0.07450,
 8.90000,3011.10606,-49.39885,21632.09127,-6.58486,52.93344,-3.21354,638.56418, 5.41927,-0.03830,-0.33255, 3.66461,-0.58927,2258.15112,-2.91654, 0.74116, 0.31240,125.97338,-656.62184,2258.16083,-2.90805,-0.00334, 0.07450,
 9.00000,3034.81670,-51.17328,21665.38058,-6.62485,53.29690,-3.27275,635.64599, 5.44521,-0.03701,-0.33449, 3.60459,-0.58733,2258.15140,-2.91642, 0.72827, 0.30974,123.77500,-658.50386,2258.16083,-2.90805,-0.00334, 0.07450,
 9.10000,3058.23477,-52.98513,21698.90346,-6.66493,53.65435,-3.33174,632.71310, 5.47105,-0.03626,-0.33494, 3.54436,-0.58502,2258.15167,-2.91627, 0.71528, 0.30706,121.56526,-660.39908,2258.16083,-2.90805,-0.00334, 0.07450,
 9.20000,3081.35884,-54.83460,21732.65577,-6.70494,54.00576,-3.39048,629.76588, 5.49680,-0.03602,-0.33331, 3.48397,-0.58256,2258.15195,-2.91611, 0.70220, 0.30437,119.34443,-662.30727,2258.16083,-2.90805,-0.00334, 0.07450,
 9.30000,3104.18748,-56.72190,21766.63335,-6.74463,54.35114,-3.44898,626.80469, 5.52251,-0.03628,-0.32916, 3.42342,-0.58013,2258.15222,-2.91592, 0.68904, 0.30167,117.11279,-664.22820,2258.16083,-2.90805,-0.00334, 0.07450,
 9.40000,3126.71932,-58.64720,21800.83199,-6.78375,54.69044,-3.50725,623.82992, 5.54819,-0.03697,-0.32221, 3.36273,-0.57792,2258.15250,-2.91572, 0.67579, 0.29895,114.87062,-666.16162,2258.16083,-2.90805,-0.00334, 0.07450,
 9.50000,3148.95302,-60.61070,21835.24746,-6.82200,55.02368,-3.56531,620.84191, 5.57386,-0.03802,-0.31235, 3.30191,-0.57608,2258.15277,-2.91550, 0.66247, 0.29623,112.61819,-668.10730,2258.16083,-2.90805,-0.00334, 0.07450,
 9.60000,3170.88728,-62.61257,21869.87553,-6.85910,55.35082,-3.62321,617.84106, 5.59955,-0.03934,-0.29962, 3.24097,-0.57473,2258.15304,-2.91527, 0.64908, 0.29349,110.35579,-670.06501,2258.16083,-2.90805,-0.00334, 0.07450,
 9.70000,3192.52082,-64.65296,21904.71192,-6.89478,55.67187,-3.68100,614.82771, 5.62527,-0.04084,-0.28423, 3.17991,-0.57395,2258.15332,-2.91503, 0.63562, 0.29074,108.08369,-672.03449,2258.16083,-2.90805,-0.00334, 0.07450,
 9.80000,3213.85241,-66.73203,21939.75232,-6.92879,55.98680,-3.73875,611.80223, 5.65105,-0.04241,-0.26649, 3.11872,-0.57377,2258.15359,-2.91479, 0.62210, 0.28798,105.80217,-674.01550,2258.16083,-2.90805,-0.00334, 0.07450,
 9.90000,3234.88087,-68.84992,21974.99244,-6.96094,56.29561,-3.79650,608.76501, 5.67689,-0.04395,-0.24684, 3.05740,-0.57420,2258.15387,-2.91455, 0.60853, 0.28521,103.51151,-676.00781,2258.16083,-2.90805,-0.00334, 0.07450,
10.00000,3255.60504,-71.00675,22010.42795,-6.99105,56.59828,-3.85433,605.71639, 5.70280,-0.04537,-0.22579, 2.99596,-0.57520,2258.15414,-2.91432, 0.59490, 0.28242,101.21198,-678.01116,2258.16083,-2.90805,-0.00334, 0.07450,
10.10000,3276.02378,-73.20266,22046.05448,-7.01902,56.89479,-3.91229,602.65676, 5.72881,-0.04659,-0.20387, 2.93437,-0.57670,2258.15442,-2.91409, 0.58122, 0.27963,98.90386,-680.02531,2258.16083,-2.90805,-0.00334, 0.07450,
10.20000,3296.13603,-75.43775,22081.86768,-7.04480,57.18514,-3.97042,599.58647, 5.75491,-0.04755,-0.18166, 2.87264,-0.57862,2258.15470,-2.91387, 0.56749, 0.27683,96.58742,-682.05001,2258.16083,-2.90805,-0.00334, 0.07450,
10.30000,3315.94073,-77.71213,22117.86318,-7.06839,57.46932,-4.02875,596.50589, 5.78111,-0.04820,-0.15968, 2.81075,-0.58082,2258.15498,-2.91367, 0.55371, 0.27402,94.26295,-684.08502,2258.16083,-2.90805,-0.00334, 0.07450,
10.40000,3335.43688,-80.02590,22154.03657,-7.08984,57.74729,-4.08732,593.41539, 5.80742,-0.04851,-0.13845, 2.74870,-0.58319,2258.15526,-2.91347, 0.53989, 0.27120,91.93072,-686.13009,2258.16083,-2.90805,-0.00334, 0.07450,
10.50000,3354.62349,-82.37912,22190.38344,-7.10926,58.01905,-4.14613,590.31534, 5.83384,-0.04846,-0.11838, 2.68649,-0.58559,2258.15554,-2.91329, 0.52604, 0.26837,89.59101,-688.18496,2258.16083,-2.90805,-0.00334, 0.07450,
10.60000,3373.49964,-84.77190,22226.89939,-7.12676,58.28458,-4.20518,587.20610, 5.86037,-0.04808,-0.09981, 2.62410,-0.58789,2258.15582,-2.91312, 0.51214, 0.26554,87.24410,-690.24940,2258.16083,-2.90805,-0.00334, 0.07450,
10.70000,3392.06442,-87.20430,22263.57996,-7.14252,58.54386,-4.26444,584.08804, 5.88702,-0.04738,-0.08299, 2.56152,-0.58996,2258.15611,-2.91297, 0.49821, 0.26269,84.89026,-692.32314,2258.16083,-2.90805,-0.00334, 0.07450,
10.80000,3410.31697,-89.67639,22300.42073,-7.15670,58.79688,-4.32390,580.96154, 5.91376,-0.04640,-0.06804, 2.49876,-0.59170,2258.15639,-2.91282, 0.48424, 0.25984,82.52977,-694.40594,2258.16083,-2.90805,-0.00334, 0.07450,
10.90000,3428.25646,-92.18823,22337.41723,-7.16951,59.04361,-4.38352,577.82695, 5.94062,-0.04520,-0.05500, 2.43581,-0.59301,2258.15668,-2.91268, 0.47024, 0.25698,80.16292,-696.49754,2258.16083,-2.90805,-0.00334, 0.07450,
11.00000,3445.88210,-94.73987,22374.56500,-7.18112,59.28403,-4.44324,574.68464, 5.96757,-0.04384,-0.04379, 2.37266,-0.59383,2258.15697,-2.91255, 0.45620, 0.25412,77.78997,-698.59769,2258.16083,-2.90805,-0.00334, 0.07450,
11.10000,3463.19314,-97.33137,22411.85957,-7.19170,59.51813,-4.50301,571.53500, 5.99462,-0.04237,-0.03425, 2.30931,-0.59411,2258.15726,-2.91242, 0.44214, 0.25124,75.41122,-700.70615,2258.16083,-2.90805,-0.00334, 0.07450,
11.20000,3480.18887,-99.96278,22449.29643,-7.20140,59.74589,-4.56279,568.37838, 6.02176,-0.04087,-0.02613, 2.24576,-0.59384,2258.15755,-2.91229, 0.42804, 0.24836,73.02693,-702.82265,2258.16083,-2.90805,-0.00334, 0.07450,
11.30000,3496.86860,-102.63414,22486.87111,-7.21033,59.96728,-4.62251,565.21515, 6.04897,-0.03940,-0.01914, 2.18201,-0.59303,2258.15784,-2.91216, 0.41392, 0.24548,70.63740,-704.94693,2258.16083,-2.90805,-0.00334, 0.07450,
11.40000,3513.23169,-105.34548,22524.57908,-7.21860,60.18228,-4.68213,562.04569, 6.07627,-0.03801,-0.01293, 2.11807,-0.59170,2258.15813,-2.91202, 0.39977, 0.24259,68.24290,-707.07876,2258.16083,-2.90805,-0.00334, 0.07450,
11.50000,3529.27754,-108.09684,22562.41585,-7.22626,60.39089,-4.74159,558.87038, 6.10363,-0.03675,-0.00715, 2.05393,-0.58992,2258.15842,-2.91188, 0.38559, 0.23969,65.84371,-709.21787,2258.16083,-2.90805,-0.00334, 0.07450,
11.60000,3545.00558,-110.88825,22600.37688,-7.23332,60.59306,-4.80084,555.68957, 6.13105,-0.03566,-0.00144, 1.98960,-0.58773,2258.15872,-2.91173, 0.37138, 0.23679,63.44011,-711.36400,2258.16083,-2.90805,-0.00334, 0.07450,
11.70000,3560.41528,-113.71972,22638.45765,-7.23977,60.78880,-4.85987,552.50364, 6.15853,-0.03476, 0.00455, 1.92507,-0.58523,2258.15901,-2.91157, 0.35716, 0.23389,61.03239,-713.51690,2258.16083,-2.90805,-0.00334, 0.07450,
11.80000,3575.50615,-116.59128,22676.65361,-7.24557,60.97807,-4.91862,549.31297, 6.18605,-0.03408, 0.01112, 1.86037,-0.58249,2258.15930,-2.91141, 0.34290, 0.23098,58.62082,-715.67631,2258.16083,-2.90805,-0.00334, 0.07450,
11.90000,3590.27773,-119.50293,22714.96023,-7.25064,61.16087,-4.97709,546.11793, 6.21361,-0.03361, 0.01852, 1.79549,-0.57960,2258.15960,-2.91123, 0.32863, 0.22806,56.20570,-717.84198,2258.16083,-2.90805,-0.00334, 0.07450,
12.00000,3604.72961,-122.45467,22753.37294,-7.25488,61.33716,-5.03527,542.91890, 6.24120,-0.03333, 0.02695, 1.73044,-0.57665,2258.15989,-2.91105, 0.31433, 0.22515,53.78729,-720.01365,2258.16083,-2.90805,-0.00334, 0.07450,
12.10000,3618.86139,-125.44651,22791.88719,-7.25820,61.50695,-5.09315,539.71623, 6.26881,-0.03324, 0.03654, 1.66523,-0.57370,2258.16019,-2.91086, 0.30002, 0.22223,51.36590,-722.19106,2258.16083,-2.90805,-0.00334, 0.07450,
12.20000,3632.67274,-128.47842,22830.49840,-7.26046,61.67021,-5.15074,536.51032, 6.29644,-0.03330, 0.04733, 1.59986,-0.57083,2258.16048,-2.91067, 0.28568, 0.21930,48.94178,-724.37395,2258.16083,-2.90805,-0.00334, 0.07450,
12.30000,3646.16336,-131.55039,22869.20202,-7.26155,61.82692,-5.20805,533.30153, 6.32409,-0.03348, 0.05934, 1.53435,-0.56809,2258.16078,-2.91047, 0.27133, 0.21638,46.51524,-726.56206,2258.16083,-2.90805,-0.00334, 0.07450,
12.40000,3659.33297,-134.66239,22907.99345,-7.26135,61.97707,-5.26508,530.09024, 6.35173,-0.03374, 0.07247, 1.46871,-0.56552,2258.16107,-2.91026, 0.25696, 0.21345,44.08656,-728.75514,2258.16083,-2.90805,-0.00334, 0.07450,
12.50000,3672.18134,-137.81438,22946.86811,-7.25975,62.12065,-5.32187,526.87682, 6.37938,-0.03403, 0.08661, 1.40294,-0.56313,2258.16137,-2.91006, 0.24257, 0.21052,41.65601,-730.95293,2258.16083,-2.90805,-0.00334, 0.07450,
12.60000,3684.70827,-141.00633,22985.82142,-7.25668,62.25766,-5.37843,523.66165, 6.40702,-0.03432, 0.10159, 1.33706,-0.56093,2258.16166,-2.90985, 0.22817, 0.20759,39.22388,-733.15516,2258.16083,-2.90805,-0.00334, 0.07450,
12.70000,3696.91362,-144.23817,23024.84879,-7.25205,62.38806,-5.43477,520.44509, 6.43464,-0.03456, 0.11719, 1.27108,-0.55892,2258.16195,-2.90965, 0.21376, 0.20466,36.79045,-735.36158,2258.16083,-2.90805,-0.00334, 0.07450,
12.80000,3708.79726,-147.50985,23063.94560,-7.24582,62.51187,-5.49092,517.22753, 6.46226,-0.03473, 0.13319, 1.20500,-0.55706,2258.16225,-2.90945, 0.19934, 0.20172,34.35601,-737.57192,2258.16083,-2.90805,-0.00334, 0.07450,
12.90000,3720.35910,-150.82130,23103.10727,-7.23795,62.62906,-5.54689,514.00934, 6.48985,-0.03479, 0.14935, 1.13883,-0.55532,2258.16254,-2.90925, 0.18490, 0.19879,31.92084,-739.78593,2258.16083,-2.90805,-0.00334, 0.07450,
13.00000,3731.59912,-154.17244,23142.32919,-7.22846,62.73963,-5.60269,510.79088, 6.51742,-0.03472, 0.16544, 1.07260,-0.55365,2258.16284,-2.90906, 0.17046, 0.19585,29.48523,-742.00335,2258.16083,-2.90805,-0.00334, 0.07450,
13.10000,3742.51728,-157.56318,23181.60676,-7.21734,62.84358,-5.65832,507.57254, 6.54496,-0.03452, 0.18126, 1.00630,-0.55201,2258.16313,-2.90887, 0.15602, 0.19292,27.04944,-744.22391,2258.16083,-2.90805,-0.00334, 0.07450,
13.20000,3753.11364,-160.99345,23220.93536,-7.20465,62.94089,-5.71379,504.35469, 6.57247,-0.03416, 0.19660, 0.93995,-0.55034,2258.16342,-2.90869, 0.14157, 0.18999,24.61378,-746.44736,2258.16083,-2.90805,-0.00334, 0.07450,
13.30000,3763.38825,-164.46313,23260.31039,-7.19044,63.03157,-5.76908,501.13769, 6.59995,-0.03367, 0.21133, 0.87356,-0.54858,2258.16371,-2.90852, 0.12711, 0.18706,22.17851,-748.67343,2258.16083,-2.90805,-0.00334, 0.07450,
13.40000,3773.34122,-167.97212,23299.72723,-7.17477,63.11560,-5.82419,497.92192, 6.62739,-0.03304, 0.22532, 0.80714,-0.54669,2258.16400,-2.90835, 0.11266, 0.18412,19.74392,-750.90186,2258.16083,-2.90805,-0.00334, 0.07450,
13.50000,3782.97269,-171.52032,23339.18127,-7.15771,63.19299,-5.87911,494.70776, 6.65479,-0.03229, 0.23852, 0.74069,-0.54462,2258.16429,-2.90818, 0.09821, 0.18119,17.31030,-753.13240,2258.16083,-2.90805,-0.00334, 0.07450,
13.60000,3792.28284,-175.10760,23378.66792,-7.13936,63.26374,-5.93380,491.49556, 6.68215,-0.03143, 0.25089, 0.67423,-0.54233,2258.16458,-2.90802, 0.08376, 0.17827,14.87792,-755.36479,2258.16083,-2.90805,-0.00334, 0.07450,
13.70000,3801.27188,-178.73383,23418.18254,-7.11977,63.32784,-5.98825,488.28571, 6.70946,-0.03051, 0.26245, 0.60777,-0.53979,2258.16487,-2.90786, 0.06931, 0.17534,12.44706,-757.59875,2258.16083,-2.90805,-0.00334, 0.07450,
13.80000,3809.94007,-182.39890,23457.72055,-7.09905,63.38529,-6.04243,485.07857, 6.73673,-0.02953, 0.27326, 0.54131,-0.53698,2258.16516,-2.90771, 0.05487, 0.17242,10.01800,-759.83404,2258.16083,-2.90805,-0.00334, 0.07450,
13.90000,3818.28770,-186.10267,23497.27732,-7.07724,63.43610,-6.09632,481.87451, 6.76395,-0.02853, 0.28342, 0.47486,-0.53389,2258.16545,-2.90755, 0.04044, 0.16950, 7.59103,-762.07039,2258.16083,-2.90805,-0.00334, 0.07450,
14.00000,3826.31509,-189.84498,23536.84826,-7.05440,63.48027,-6.14988,478.67389, 6.79112,-0.02753, 0.29304, 0.40843,-0.53053,2258.16574,-2.90739, 0.02602, 0.16658, 5.16642,-764.30753,2258.16083,-2.90805,-0.00334, 0.07450,
14.10000,3834.02260,-193.62570,23576.42877,-7.03059,63.51779,-6.20308,475.47709, 6.81823,-0.02657, 0.30225, 0.34203,-0.52691,2258.16602,-2.90724, 0.01161, 0.16367, 2.74445,-766.54522,2258.16083,-2.90805,-0.00334, 0.07450,
14.20000,3841.41064,-197.44468,23616.01425,-7.00583,63.54867,-6.25591,472.28447, 6.84529,-0.02564, 0.31120, 0.27567,-0.52304,2258.16631,-2.90708,-0.00279, 0.16076, 0.32539,-768.78319,2258.16083,-2.90805,-0.00334, 0.07450,
14.30000,3848.47965,-201.30174,23655.60010,-6.98013,63.57292,-6.30834,469.09639, 6.87229,-0.02479, 0.32005, 0.20935,-0.51895,2258.16660,-2.90692,-0.01717, 0.15785,-2.09047,-771.02119,2258.16083,-2.90805,-0.00334, 0.07450,
14.40000,3855.23009,-205.19674,23695.18174,-6.95350,63.59054,-6.36035,465.91323, 6.89922,-0.02400, 0.32892, 0.14308,-0.51467,2258.16688,-2.90675,-0.03153, 0.15495,-4.50286,-773.25894,2258.16083,-2.90805,-0.00334, 0.07450,
14.50000,3861.66247,-209.12949,23734.75459,-6.92593,63.60154,-6.41192,462.73534, 6.92609,-0.02330, 0.33795, 0.07687,-0.51024,2258.16716,-2.90658,-0.04588, 0.15206,-6.91150,-775.49620,2258.16083,-2.90805,-0.00334, 0.07450,
14.60000,3867.77734,-213.09982,23774.31407,-6.89740,63.60592,-6.46304,459.56308, 6.95290,-0.02269, 0.34726, 0.01073,-0.50570,2258.16745,-2.90641,-0.06020, 0.14917,-9.31612,-777.73270,2258.16083,-2.90805,-0.00334, 0.07450,
14.70000,3873.57529,-217.10755,23813.85561,-6.86786,63.60369,-6.51370,456.39682, 6.97964,-0.02216, 0.35691,-0.05534,-0.50107,2258.16773,-2.90624,-0.07451, 0.14628,-11.71644,-779.96818,2258.16083,-2.90805,-0.00334, 0.07450,
14.80000,3879.05692,-221.15248,23853.37465,-6.83728,63.59486,-6.56389,453.23692, 7.00630,-0.02170, 0.36699,-0.12133,-0.49639,2258.16801,-2.90606,-0.08879, 0.14340,-14.11220,-782.20240,2258.16083,-2.90805,-0.00334, 0.07450,
14.90000,3884.22289,-225.23441,23892.86662,-6.80563,63.57943,-6.61361,450.08374, 7.03289,-0.02130, 0.37750,-0.18723,-0.49169,2258.16829,-2.90588,-0.10304, 0.14053,-16.50312,-784.43508,2258.16083,-2.90805,-0.00334, 0.07450,
15.00000,3889.07390,-229.35315,23932.32699,-6.77284,63.55741,-6.66285,446.93762, 7.05940,-0.02096, 0.38847,-0.25303,-0.48700,2258.16857,-2.90570,-0.11727, 0.13766,-18.88892,-786.66598,2258.16083,-2.90805,-0.00334, 0.07450,
15.10000,3893.61067,-233.50848,23971.75122,-6.73889,63.52882,-6.71162,443.79894, 7.08583,-0.02065, 0.39985,-0.31874,-0.48232,2258.16885,-2.90552,-0.13147, 0.13480,-21.26934,-788.89483,2258.16083,-2.90805,-0.00334, 0.07450,
15.20000,3897.83395,-237.70019,24011.13477,-6.70372,63.49367,-6.75992,440.66805, 7.11218,-0.02035, 0.41162,-0.38433,-0.47767,2258.16913,-2.90534,-0.14564, 0.13195,-23.64410,-791.12139,2258.16083,-2.90805,-0.00334, 0.07450,
15.30000,3901.74455,-241.92805,24050.47312,-6.66731,63.45196,-6.80776,437.54529, 7.13845,-0.02006, 0.42369,-0.44981,-0.47306,2258.16940,-2.90516,-0.15978, 0.12911,-26.01294,-793.34538,2258.16083,-2.90805,-0.00334, 0.07450,
15.40000,3905.34329,-246.19182,24089.76176,-6.62963,63.40371,-6.85514,434.43103, 7.16462,-0.01974, 0.43598,-0.51516,-0.46848,2258.16968,-2.90498,-0.17388, 0.12627,-28.37560,-795.56657,2258.16083,-2.90805,-0.00334, 0.07450,
15.50000,3908.63105,-250.49127,24128.99621,-6.59066,63.34893,-6.90205,431.32561, 7.19070,-0.01940, 0.44841,-0.58038,-0.46393,2258.16995,-2.90480,-0.18795, 0.12344,-30.73179,-797.78470,2258.16083,-2.90805,-0.00334, 0.07450,
15.60000,3911.60872,-254.82615,24168.17195,-6.55040,63.28764,-6.94851,428.22939, 7.21669,-0.01901, 0.46088,-0.64547,-0.45938,2258.17023,-2.90463,-0.20198, 0.12062,-33.08126,-799.99950,2258.16083,-2.90805,-0.00334, 0.07450,
15.70000,3914.27724,-259.19622,24207.28453,-6.50883,63.21984,-6.99451,425.14271, 7.24258,-0.01858, 0.47329,-0.71041,-0.45482,2258.17050,-2.90445,-0.21598, 0.11781,-35.42375,-802.21074,2258.16083,-2.90805,-0.00334, 0.07450,
15.80000,3916.63759,-263.60121,24246.32947,-6.46599,63.14556,-7.04005,422.06591, 7.26837,-0.01808, 0.48555,-0.77519,-0.45024,2258.17077,-2.90428,-0.22993, 0.11500,-37.75898,-804.41815,2258.16083,-2.90805,-0.00334, 0.07450,
15.90000,3918.69077,-268.04086,24285.30233,-6.42187,63.06481,-7.08512,418.99935, 7.29406,-0.01752, 0.49758,-0.83982,-0.44561,2258.17104,-2.90412,-0.24385, 0.11221,-40.08671,-806.62149,2258.16083,-2.90805,-0.00334, 0.07450,
16.00000,3920.43781,-272.51490,24324.19865,-6.37651,62.97761,-7.12973,415.94337, 7.31964,-0.01690, 0.50932,-0.90428,-0.44090,2258.17131,-2.90395,-0.25772, 0.10943,-42.40665,-808.82049,2258.16083,-2.90805,-0.00334, 0.07450,
16.10000,3921.87981,-277.02305,24363.01403,-6.32995,62.88396,-7.17386,412.89831, 7.34511,-0.01622, 0.52071,-0.96856,-0.43610,2258.17158,-2.90379,-0.27154, 0.10665,-44.71856,-811.01493,2258.16083,-2.90805,-0.00334, 0.07450,
16.20000,3923.01785,-281.56503,24401.74404,-6.28221,62.78390,-7.21750,409.86451, 7.37048,-0.01548, 0.53172,-1.03267,-0.43120,2258.17184,-2.90363,-0.28532, 0.10389,-47.02218,-813.20453,2258.16083,-2.90805,-0.00334, 0.07450,
16.30000,3923.85310,-286.14054,24440.38430,-6.23333,62.67743,-7.26064,406.84231, 7.39572,-0.01471, 0.54233,-1.09658,-0.42616,2258.17211,-2.90347,-0.29906, 0.10114,-49.31725,-815.38907,2258.16083,-2.90805,-0.00334, 0.07450,
16.40000,3924.38671,-290.74930,24478.93042,-6.18335,62.56459,-7.30326,403.83205, 7.42085,-0.01389, 0.55256,-1.16030,-0.42098,2258.17237,-2.90332,-0.31274, 0.09840,-51.60351,-817.56828,2258.16083,-2.90805,-0.00334, 0.07450,
16.50000,3924.61992,-295.39101,24517.37803,-6.13231,62.44538,-7.34536,400.83406, 7.44586,-0.01305, 0.56242,-1.22382,-0.41566,2258.17263,-2.90316,-0.32637, 0.09567,-53.88070,-819.74192,2258.16083,-2.90805,-0.00334, 0.07450,
16.60000,3924.55395,-300.06535,24555.72279,-6.08024,62.31983,-7.38691,397.84868, 7.47075,-0.01220, 0.57194,-1.28712,-0.41018,2258.17289,-2.90301,-0.33995, 0.09295,-56.14858,-821.90974,2258.16083,-2.90805,-0.00334, 0.07450,
16.70000,3924.19008,-304.77202,24593.96035,-6.02717,62.18796,-7.42791,394.87624, 7.49551,-0.01135, 0.58116,-1.35021,-0.40455,2258.17315,-2.90286,-0.35348, 0.09024,-58.40689,-824.07151,2258.16083,-2.90805,-0.00334, 0.07450,
16.80000,3923.52964,-309.51070,24632.08642,-5.97313,62.04980,-7.46833,391.91706, 7.52014,-0.01050, 0.59016,-1.41308,-0.39877,2258.17341,-2.90271,-0.36695, 0.08755,-60.65538,-826.22697,2258.16083,-2.90805,-0.00334, 0.07450,
16.90000,3922.57395,-314.28107,24670.09669,-5.91813,61.90536,-7.50816,388.97148, 7.54464,-0.00967, 0.59897,-1.47572,-0.39285,2258.17367,-2.90256,-0.38037, 0.08486,-62.89380,-828.37589,2258.16083,-2.90805,-0.00334, 0.07450,
17.00000,3921.32440,-319.08280,24707.98687,-5.86218,61.75466,-7.54739,386.03983, 7.56901,-0.00887, 0.60767,-1.53812,-0.38680,2258.17392,-2.90240,-0.39373, 0.08219,-65.12190,-830.51801,2258.16083,-2.90805,-0.00334, 0.07450,
17.10000,3919.78239,-323.91556,24745.75271,-5.80530,61.59774,-7.58601,383.12242, 7.59324,-0.00809, 0.61630,-1.60027,-0.38063,2258.17418,-2.90225,-0.40703, 0.07954,-67.33944,-832.65311,2258.16083,-2.90805,-0.00334, 0.07450,
17.20000,3917.94937,-328.77900,24783.38997,-5.74749,61.43462,-7.62399,380.21958, 7.61733,-0.00735, 0.62494,-1.66217,-0.37436,2258.17443,-2.90210,-0.42026, 0.07690,-69.54617,-834.78094,2258.16083,-2.90805,-0.00334, 0.07450,
17.30000,3915.82680,-333.67279,24820.89441,-5.68875,61.26531,-7.66135,377.33164, 7.64128,-0.00663, 0.63361,-1.72382,-0.36800,2258.17468,-2.90195,-0.43344, 0.07427,-71.74184,-836.90126,2258.16083,-2.90805,-0.00334, 0.07450,
17.40000,3913.41620,-338.59658,24858.26185,-5.62906,61.08986,-7.69806,374.45890, 7.66508,-0.00596, 0.64236,-1.78520,-0.36157,2258.17493,-2.90179,-0.44655, 0.07165,-73.92621,-839.01383,2258.16083,-2.90805,-0.00334, 0.07450,
17.50000,3910.71910,-343.55000,24895.48808,-5.56841,60.90828,-7.73412,371.60168, 7.68874,-0.00531, 0.65122,-1.84631,-0.35509,2258.17517,-2.90164,-0.45959, 0.06905,-76.09905,-841.11842,2258.16083,-2.90805,-0.00334, 0.07450,
17.60000,3907.73707,-348.53270,24932.56897,-5.50681,60.72061,-7.76952,368.76031, 7.71224,-0.00469, 0.66020,-1.90713,-0.34855,2258.17542,-2.90148,-0.47257, 0.06646,-78.26011,-843.21479,2258.16083,-2.90805,-0.00334, 0.07450,
17.70000,3904.47170,-353.54432,24969.50035,-5.44422,60.52687,-7.80427,365.93508, 7.73559,-0.00409, 0.66930,-1.96768,-0.34199,2258.17566,-2.90133,-0.48548, 0.06389,-80.40916,-845.30271,2258.16083,-2.90805,-0.00334, 0.07450,
17.80000,3900.92463,-358.58447,25006.27812,-5.38064,60.32708,-7.83835,363.12632, 7.75879,-0.00350, 0.67851,-2.02793,-0.33539,2258.17590,-2.90117,-0.49832, 0.06133,-82.54596,-847.38195,2258.16083,-2.90805,-0.00334, 0.07450,
17.90000,3897.09752,-363.65279,25042.89817,-5.31607,60.12129,-7.87177,360.33432, 7.78183,-0.00292, 0.68782,-2.08788,-0.32878,2258.17614,-2.90102,-0.51109, 0.05879,-84.67027,-849.45227,2258.16083,-2.90805,-0.00334, 0.07450,
18.00000,3892.99206,-368.74889,25079.35644,-5.25048,59.90952,-7.90452,357.55939, 7.80470,-0.00234, 0.69720,-2.14753,-0.32215,2258.17638,-2.90087,-0.52379, 0.05627,-86.78187,-851.51344,2258.16083,-2.90805,-0.00334, 0.07450,
18.10000,3888.60998,-373.87237,25115.64887,-5.18388,59.69179,-7.93661,354.80184, 7.82742,-0.00176, 0.70662,-2.20687,-0.31550,2258.17662,-2.90072,-0.53641, 0.05376,-88.88052,-853.56524,2258.16083,-2.90805,-0.00334, 0.07450,
18.20000,3883.95302,-379.02286,25151.77143,-5.11626,59.46815,-7.96802,352.06197, 7.84997,-0.00117, 0.71604,-2.26588,-0.30883,2258.17685,-2.90057,-0.54896, 0.05126,-90.96600,-855.60743,2258.16083,-2.90805,-0.00334, 0.07450,
18.30000,3879.02297,-384.19994,25187.72013,-5.04763,59.23863,-7.99876,349.34007, 7.87235,-0.00055, 0.72541,-2.32457,-0.30214,2258.17709,-2.90042,-0.56143, 0.04878,-93.03807,-857.63980,2258.16083,-2.90805,-0.00334, 0.07450,
18.40000,3873.82165,-389.40321,25223.49097,-4.97799,59.00325,-8.02883,346.63644, 7.89456, 0.00008, 0.73471,-2.38293,-0.29541,2258.17732,-2.90027,-0.57383, 0.04632,-95.09651,-859.66211,2258.16083,-2.90805,-0.00334, 0.07450,
18.50000,3868.35088,-394.63227,25259.08001,-4.90735,58.76205,-8.05822,343.95138, 7.91659, 0.00074, 0.74388,-2.44095,-0.28865,2258.17755,-2.90013,-0.58614, 0.04388,-97.14110,-861.67414,2258.16083,-2.90805,-0.00334, 0.07450,
18.60000,3862.61255,-399.88669,25294.48332,-4.83572,58.51507,-8.08692,341.28517, 7.93846, 0.00143, 0.75291,-2.49863,-0.28184,2258.17777,-2.89999,-0.59838, 0.04145,-99.17162,-863.67567,2258.16083,-2.90805,-0.00334, 0.07450,
18.70000,3856.60855,-405.16606,25329.69699,-4.76312,58.26234,-8.11494,338.63810, 7.96014, 0.00214, 0.76174,-2.55595,-0.27498,2258.17800,-2.89985,-0.61053, 0.03905,-101.18784,-865.66648,2258.16083,-2.90805,-0.00334, 0.07450,
18.80000,3850.34082,-410.46995,25364.71715,-4.68957,58.00389,-8.14226,336.01045, 7.98164, 0.00287, 0.77038,-2.61292,-0.26805,2258.17822,-2.89971,-0.62260, 0.03665,-103.18955,-867.64635,2258.16083,-2.90805,-0.00334, 0.07450,
18.90000,3843.81130,-415.79794,25399.53995,-4.61509,57.73977,-8.16889,333.40252, 8.00297, 0.00363, 0.77879,-2.66952,-0.26105,2258.17844,-2.89957,-0.63458, 0.03428,-105.17653,-869.61506,2258.16083,-2.90805,-0.00334, 0.07450,
19.00000,3837.02199,-421.14958,25434.16155,-4.53970,57.47000,-8.19480,330.81459, 8.02410, 0.00441, 0.78697,-2.72576,-0.25397,2258.17866,-2.89944,-0.64648, 0.03193,-107.14857,-871.57240,2258.16083,-2.90805,-0.00334, 0.07450,
19.10000,3829.97489,-426.52444,25468.57818,-4.46342,57.19463,-8.22000,328.24692, 8.04505, 0.00520, 0.79492,-2.78162,-0.24682,2258.17888,-2.89930,-0.65829, 0.02959,-109.10545,-873.51814,2258.16083,-2.90805,-0.00334, 0.07450,
19.20000,3822.67206,-431.92207,25502.78605,-4.38628,56.91369,-8.24447,325.69980, 8.06582, 0.00601, 0.80265,-2.83709,-0.23957,2258.17909,-2.89917,-0.67001, 0.02727,-111.04697,-875.45209,2258.16083,-2.90805,-0.00334, 0.07450,
19.30000,3815.11555,-437.34203,25536.78143,-4.30829,56.62722,-8.26821,323.17349, 8.08639, 0.00682, 0.81016,-2.89218,-0.23224,2258.17930,-2.89904,-0.68165, 0.02497,-112.97292,-877.37402,2258.16083,-2.90805,-0.00334, 0.07450,
19.40000,3807.30746,-442.78386,25570.56061,-4.22948,56.33527,-8.29121,320.66828, 8.10677, 0.00763, 0.81748,-2.94687,-0.22483,2258.17951,-2.89892,-0.69319, 0.02269,-114.88308,-879.28374,2258.16083,-2.90805,-0.00334, 0.07450,
19.50000,3799.24991,-448.24711,25604.11990,-4.14987,56.03786,-8.31346,318.18442, 8.12695, 0.00844, 0.82463,-3.00116,-0.21732,2258.17972,-2.89879,-0.70464, 0.02043,-116.77727,-881.18101,2258.16083,-2.90805,-0.00334, 0.07450,
19.60000,3790.94506,-453.73131,25637.45565,-4.06946,55.73505,-8.33495,315.72218, 8.14694, 0.00925, 0.83162,-3.05505,-0.20974,2258.17993,-2.89866,-0.71599, 0.01819,-118.65527,-883.06566,2258.16083,-2.90805,-0.00334, 0.07450,
19.70000,3782.39508,-459.23600,25670.56424,-3.98827,55.42687,-8.35567,313.28182, 8.16672, 0.01004, 0.83850,-3.10852,-0.20208,2258.18013,-2.89854,-0.72726, 0.01597,-120.51688,-884.93745,2258.16083,-2.90805,-0.00334, 0.07450,
19.80000,3773.60216,-464.76071,25703.44206,-3.90631,55.11336,-8.37562,310.86360, 8.18631, 0.01083, 0.84527,-3.16158,-0.19435,2258.18033,-2.89841,-0.73842, 0.01378,-122.36191,-886.79621,2258.16083,-2.90805,-0.00334, 0.07450,
19.90000,3764.56854,-470.30496,25736.08557,-3.82360,54.79456,-8.39478,308.46778, 8.20569, 0.01160, 0.85196,-3.21421,-0.18656,2258.18053,-2.89829,-0.74949, 0.01160,-124.19016,-888.64171,2258.16083,-2.90805,-0.00334, 0.07450,
20.00000,3755.29647,-475.86827,25768.49123,-3.74012,54.47053,-8.41316,306.09461, 8.22487, 0.01236, 0.85860,-3.26642,-0.17870,2258.18073,-2.89816,-0.76046, 0.00944,-126.00143,-890.47377,2258.16083,-2.90805,-0.00334, 0.07450,
