
time,npos,epos,alt,phi,theta,psi,vel,alpha,beta,p,q,r,nx,ny,nz,mach,qbar,ps,

 0.00000, 0.00000, 0.00000,5000.00000, 0.00000, 2.94068, 0.00000,500.00000, 2.94068, 0.00000, 0.00000, 0.00000, 0.00000, 0.05129,-0.01256, 0.99849, 0.45582,256.21395,1760.28927,2181.15859,-1.85638,-0.08289, 0.04562,
 0.10000,49.99962,-0.00213,5000.00877,-0.00407, 2.84773, 0.00188,499.97751, 2.82002,-0.00698,-0.03161,-2.72088, 0.04698, 0.03688,-0.01312, 1.08075, 0.45580,256.19083,1760.28869,2068.75649, 2.81445,-0.06099,-0.10095,
 0.20000,99.99642,-0.00847,5000.02591,-0.00822, 2.46975, 0.00964,499.96374, 2.47791,-0.01956,-0.04995,-3.83983, 0.10311, 0.02690,-0.01187, 0.76466, 0.45579,256.17659,1760.28756,1967.05086,-3.02470,-0.10180,-0.17783,
 0.30000,149.99211,-0.01866,4999.98228,-0.01215, 2.13621, 0.02245,499.95204, 2.22845,-0.03663,-0.03836,-3.00079, 0.15387, 0.02540,-0.01027, 0.76292, 0.45578,256.16493,1760.29044,1875.02381,-1.85749,-0.10197,-0.24313,
 0.40000,199.98674,-0.03220,4999.86208,-0.01463, 1.85907, 0.04052,499.94358, 2.04411,-0.05824,-0.02360,-2.55694, 0.20466, 0.02025,-0.00824, 0.73384, 0.45577,256.15720,1760.29836,1791.75428,-1.75757,-0.09282,-0.27957,
 0.50000,249.98021,-0.04844,4999.65658,-0.01558, 1.62311, 0.06311,499.93433, 1.91037,-0.08353,-0.00928,-2.16896, 0.24305, 0.01566,-0.00602, 0.71280, 0.45576,256.14930,1760.31191,1716.40890,-1.72580,-0.07861,-0.30302,
 0.60000,299.97223,-0.06668,4999.35895,-0.01518, 1.42406, 0.08871,499.92362, 1.81975,-0.11096, 0.00321,-1.81793, 0.26458, 0.01174,-0.00378, 0.70024, 0.45575,256.14063,1760.33153,1648.23358,-1.70809,-0.06183,-0.31953,
 0.70000,349.96242,-0.08621,4998.96509,-0.01371, 1.25840, 0.11553,499.91119, 1.76580,-0.13879, 0.01324,-1.50094, 0.26786, 0.00841,-0.00165, 0.69497, 0.45574,256.13094,1760.35750,1586.54600,-1.69932,-0.04421,-0.33242,
 0.80000,399.95041,-0.10633,4998.47326,-0.01146, 1.12282, 0.14178,499.89691, 1.74273,-0.16528, 0.02051,-1.21588, 0.25360, 0.00561, 0.00023, 0.69587, 0.45573,256.12010,1760.38992,1530.72877,-1.69719,-0.02715,-0.34346,
 0.90000,449.93582,-0.12643,4997.88371,-0.00871, 1.01424, 0.16580,499.88070, 1.74539,-0.18888, 0.02497,-0.96074, 0.22407, 0.00328, 0.00179, 0.70188, 0.45571,256.10805,1760.42879,1480.22325,-1.70000,-0.01179,-0.35344,
 1.00000,499.91828,-0.14602,4997.19834,-0.00576, 0.92975, 0.18623,499.86250, 1.76915,-0.20838, 0.02672,-0.73356, 0.18262, 0.00139, 0.00297, 0.71213, 0.45569,256.09470,1760.47398,1434.68044,-1.70383, 0.00628,-0.36263,
 1.10000,549.89779,-0.16475,4996.42044, 0.01612, 0.86599, 0.20285,499.85144, 1.80928,-0.22324, 0.50578,-0.54152, 0.15149, 0.00537, 0.00331, 0.72525, 0.45568,256.08937,1760.52526,1507.09144,-1.71389,-0.20608,-0.32770,
 1.20000,599.87548,-0.18233,4995.55424, 0.09456, 0.82090, 0.21565,499.85502, 1.86296,-0.23177, 1.03545,-0.36379, 0.09941, 0.00915, 0.00461, 0.74121, 0.45568,256.09973,1760.58237,1572.64479,-1.72670,-0.18948,-0.23672,
 1.30000,649.85268,-0.19802,4994.60485, 0.21905, 0.79248, 0.22137,499.87153, 1.92718,-0.23055, 1.43282,-0.20796, 0.01009, 0.01273, 0.00554, 0.75923, 0.45570,256.12398,1760.64497,1631.86189,-1.73948,-0.16806,-0.11206,
 1.40000,699.83058,-0.21101,4993.57806, 0.37757, 0.77863, 0.21629,499.89925, 1.99906,-0.21609, 1.72288,-0.07287,-0.11623, 0.01611, 0.00571, 0.77866, 0.45572,256.16032,1760.71267,1685.23108,-1.75327,-0.14948, 0.03757,
 1.50000,749.81024,-0.22051,4992.48010, 0.56044, 0.77745, 0.19699,499.93655, 2.07611,-0.18529, 1.92715, 0.04304,-0.27419, 0.01927, 0.00485, 0.79896, 0.45575,256.20704,1760.78507,1733.21012,-1.76769,-0.13805, 0.20680,
 1.60000,799.79258,-0.22595,4991.31750, 0.75997, 0.78723, 0.16079,499.98195, 2.15614,-0.13592, 2.06318, 0.14124,-0.45492, 0.02222, 0.00277, 0.81968, 0.45579,256.26255,1760.86173,1776.22808,-1.78232,-0.13707, 0.39185,
 1.70000,849.77842,-0.22702,4990.09693, 0.97003, 0.80641, 0.10600,500.03402, 2.23726,-0.06681, 2.14532, 0.22313,-0.64736, 0.02497,-0.00065, 0.84042, 0.45584,256.32537,1760.94222,1814.68698,-1.79680,-0.14878, 0.58962,
 1.80000,899.76848,-0.22374,4988.82505, 1.18582, 0.83359, 0.03211,500.09150, 2.31786, 0.02200, 2.18565, 0.29007,-0.83932, 0.02753,-0.00535, 0.86068, 0.45589,256.39414,1761.02609,1848.96338,-1.81083,-0.17417, 0.79737,
 1.90000,949.76336,-0.21647,4987.50840, 1.40374, 0.86748,-0.06018,500.15347, 2.39679, 0.12930, 2.19574, 0.34360,-1.01802, 0.02998,-0.01102, 0.87976, 0.45594,256.46787,1761.11292,1879.40864,-1.82375,-0.21073, 1.01612,
 2.00000,999.76359,-0.20584,4986.15315, 1.62114, 0.90690,-0.16900,500.21900, 2.47309, 0.25276, 2.18258, 0.38502,-1.17349, 0.03224,-0.01766, 0.89792, 0.45600,256.54557,1761.20230,1906.34890,-1.83560,-0.25893, 1.24421,
 2.10000,1049.76962,-0.19275,4984.76521, 1.83603, 0.95074,-0.29160,500.28715, 2.54594, 0.38921, 2.15278, 0.41562,-1.29774, 0.03431,-0.02506, 0.91501, 0.45606,256.62622,1761.29384,1930.08848,-1.84640,-0.31744, 1.47825,
 2.20000,1099.78180,-0.17833,4983.35014, 2.04708, 0.99796,-0.42455,500.35702, 2.61471, 0.53487, 2.11195, 0.43671,-1.38486, 0.03620,-0.03298, 0.93092, 0.45612,256.70887,1761.38717,1950.91142,-1.85617,-0.38406, 1.71510,
 2.30000,1149.80040,-0.16388,4981.91315, 2.25346, 1.04761,-0.56396,500.42784, 2.67898, 0.68561, 2.06467, 0.44964,-1.43127, 0.03791,-0.04115, 0.94558, 0.45618,256.79267,1761.48195,1969.08270,-1.86498,-0.45614, 1.95182,
 2.40000,1199.82561,-0.15075,4980.45909, 2.45478, 1.09880,-0.70571,500.49890, 2.73848, 0.83716, 2.01458, 0.45568,-1.43597, 0.03945,-0.04929, 0.95898, 0.45624,256.87687,1761.57786,1984.84911,-1.87290,-0.53072, 2.18573,
 2.50000,1249.85754,-0.14033,4978.99237, 2.65097, 1.15071,-0.84571,500.56961, 2.79308, 0.98540, 1.96445, 0.45611,-1.40048, 0.04082,-0.05715, 0.97113, 0.45631,256.96082,1761.67461,1998.44018,-1.88005,-0.60482, 2.41446,
 2.60000,1299.89626,-0.13392,4977.51706, 2.84223, 1.20266,-0.98014,500.63948, 2.84276, 1.12658, 1.91625, 0.45212,-1.32858, 0.04203,-0.06450, 0.98208, 0.45637,257.04399,1761.77194,2010.06874,-1.88653,-0.67558, 2.63595,
 2.70000,1349.94176,-0.13266,4976.03680, 3.02888, 1.25402,-1.10566,500.70811, 2.88763, 1.25754, 1.87121, 0.44481,-1.22603, 0.04310,-0.07113, 0.99187, 0.45643,257.12595,1761.86959,2019.93157,-1.89244,-0.74052, 2.84849,
 2.80000,1399.99401,-0.13750,4974.55488, 3.21136, 1.30430,-1.21958,500.77521, 2.92785, 1.37582, 1.82994, 0.43515,-1.09999, 0.04402,-0.07692, 1.00059, 0.45649,257.20637,1761.96736,2028.20992,-1.89784,-0.79764, 3.05075,
 2.90000,1450.05292,-0.14914,4973.07425, 3.39012, 1.35313,-1.31998,500.84061, 2.96366, 1.47978, 1.79250, 0.42398,-0.95858, 0.04482,-0.08178, 1.00832, 0.45654,257.28504,1762.06504,2035.07003,-1.90279,-0.84554, 3.24177,
 3.00000,1500.11840,-0.16799,4971.59751, 3.56559, 1.40022,-1.40577,500.90418, 2.99533, 1.56863, 1.75853, 0.41199,-0.81021, 0.04547,-0.08571, 1.01499, 0.45660,257.36182,1762.16248,2040.66376,-1.91260,-0.89392, 3.42100,
 3.10000,1550.19030,-0.19419,4970.12686, 3.74467, 1.44673,-1.47642,500.96565, 3.02442, 1.64262, 1.80284, 0.41788,-0.66265, 0.04608,-0.08846, 1.02176, 0.45665,257.43640,1762.25951,2045.13070,-1.91487,-0.91087, 3.60443,
 3.20000,1600.26851,-0.22748,4968.66458, 3.92116, 1.49174,-1.53314,501.02533, 3.05003, 1.70300, 1.75624, 0.40422,-0.53148, 0.04658,-0.09049, 1.02739, 0.45671,257.50910,1762.35600,2048.59587,-1.91531,-0.92645, 3.77058,
 3.30000,1650.35289,-0.26736,4967.21258, 4.09341, 1.53465,-1.57754,501.08308, 3.07219, 1.75139, 1.71286, 0.38993,-0.41697, 0.04697,-0.09190, 1.03217, 0.45676,257.57975,1762.45181,2051.17267,-1.91845,-0.93622, 3.92090,
 3.40000,1700.44329,-0.31318,4965.77246, 4.26172, 1.57553,-1.61144,501.13890, 3.09122, 1.78982, 1.67210, 0.37612,-0.32209, 0.04729,-0.09279, 1.03629, 0.45680,257.64833,1762.54685,2052.96405,-1.92124,-0.94027, 4.05763,
 3.50000,1750.53955,-0.36416,4964.34559, 4.42625, 1.61451,-1.63693,501.19284, 3.10742, 1.82049, 1.63275, 0.36283,-0.24872, 0.04754,-0.09331, 1.03981, 0.45685,257.71488,1762.64101,2054.06288,-1.92347,-0.93999, 4.18279,
 3.60000,1800.64151,-0.41941,4962.93312, 4.58703, 1.65177,-1.65619,501.24491, 3.12108, 1.84567, 1.59386, 0.35000,-0.19754, 0.04772,-0.09360, 1.04279, 0.45690,257.77941,1762.73423,2054.55293,-1.92514,-0.93690, 4.29817,
 3.70000,1850.74902,-0.47801,4961.53605, 4.74402, 1.68750,-1.67145,501.29513, 3.13245, 1.86759, 1.55470, 0.33750,-0.16801, 0.04786,-0.09379, 1.04527, 0.45694,257.84194,1762.82644,2054.50976,-1.92624,-0.93255, 4.40538,
 3.80000,1900.86191,-0.53903,4960.15518, 4.89710, 1.72188,-1.68478,501.34352, 3.14175, 1.88832, 1.51477, 0.32519,-0.15841, 0.04794,-0.09400, 1.04729, 0.45698,257.90246,1762.91758,2054.00162,-1.92678,-0.92838, 4.50585,
 3.90000,1950.98001,-0.60157,4958.79117, 5.04614, 1.75506,-1.69805,501.39008, 3.14916, 1.90964, 1.47385, 0.31293,-0.16605, 0.04798,-0.09436, 1.04887, 0.45702,257.96097,1763.00761,2053.09024,-1.92679,-0.92566, 4.60088,
 4.00000,2001.10314,-0.66484,4957.44455, 5.19098, 1.78718,-1.71283,501.43478, 3.15484, 1.93300, 1.43192, 0.30060,-0.18747, 0.04799,-0.09493, 1.05004, 0.45706,258.01745,1763.09649,2051.83149,-1.92631,-0.92540, 4.69157,
 4.10000,2051.23113,-0.72811,4956.11572, 5.33149, 1.81836,-1.73030,501.47764, 3.15893, 1.95947, 1.38914, 0.28812,-0.21872, 0.04796,-0.09578, 1.05082, 0.45710,258.07189,1763.18421,2050.27604,-1.92539,-0.92831, 4.77884,
 4.20000,2101.36379,-0.79079,4954.80495, 5.46757, 1.84864,-1.75124,501.51862, 3.16156, 1.98966, 1.34581, 0.27544,-0.25562, 0.04790,-0.09692, 1.05124, 0.45713,258.12428,1763.27074,2048.46985,-1.92408,-0.93477, 4.86346,
 4.30000,2151.50092,-0.85245,4953.51242, 5.59916, 1.87806,-1.77598,501.55773, 3.16278, 2.02373, 1.30205, 0.26237,-0.29250, 0.04785,-0.09862, 1.05164, 0.45717,258.17460,1763.35606,2046.45460,-1.92302,-0.94531, 4.94726,
 4.40000,2201.64235,-0.91282,4952.23830, 5.72628, 1.90654,-1.80410,501.59497, 3.16255, 2.06101, 1.25909, 0.24892,-0.32147, 0.04778,-0.10065, 1.05183, 0.45720,258.22287,1763.44018,2044.26799,-1.92271,-0.95872, 5.03402,
 4.50000,2251.78788,-0.97178,4950.98271, 5.84909, 1.93398,-1.83470,501.63037, 3.16096, 2.10049, 1.21787, 0.23554,-0.34071, 0.04770,-0.10281, 1.05172, 0.45723,258.26909,1763.52307,2041.94400,-1.92245,-0.97350, 5.12296,
 4.60000,2301.93733,-1.02928,4949.74569, 5.96780, 1.96032,-1.86678,501.66395, 3.15813, 2.14112, 1.17866, 0.22248,-0.34954, 0.04759,-0.10502, 1.05132, 0.45726,258.31331,1763.60474,2039.51313,-1.92222,-0.98888, 5.21305,
 4.70000,2352.09049,-1.08535,4948.52717, 6.08268, 1.98549,-1.89930,501.69577, 3.15421, 2.18184, 1.14163, 0.20998,-0.34807, 0.04747,-0.10721, 1.05068, 0.45728,258.35556,1763.68519,2037.00260,-1.92199,-1.00412, 5.30335,
 4.80000,2402.24720,-1.14002,4947.32704, 6.19397, 2.00944,-1.93127,501.72587, 3.14933, 2.22165, 1.10683, 0.19823,-0.33709, 0.04733,-0.10932, 1.04981, 0.45731,258.39592,1763.76444,2034.43657,-1.92177,-1.01853, 5.39297,
 4.90000,2452.40727,-1.19331,4946.14507, 6.30193, 2.03218,-1.96181,501.75432, 3.14367, 2.25971, 1.07424, 0.18741,-0.31804, 0.04718,-0.11128, 1.04876, 0.45733,258.43444,1763.84248,2031.83629,-1.92154,-1.03153, 5.48114,
 5.00000,2502.57053,-1.24526,4944.98100, 6.40680, 2.05369,-1.99021,501.78121, 3.13737, 2.29535, 1.04374, 0.17763,-0.29279, 0.04703,-0.11303, 1.04763, 0.45735,258.47120,1763.91935,2029.22032,-1.91863,-1.03741, 5.56719,
 5.10000,2552.73682,-1.29584,4943.83455, 6.50551, 2.07337,-2.01610,501.80670, 3.13003, 2.32801, 0.97731, 0.15986,-0.26354, 0.04684,-0.11471, 1.04593, 0.45738,258.50641,1763.99505,2026.60407,-1.91931,-1.05215, 5.64129,
 5.20000,2602.90597,-1.34505,4942.70524, 6.60149, 2.09171,-2.03878,501.83073, 3.12234, 2.35725, 0.95892, 0.15309,-0.22829, 0.04664,-0.11609, 1.04435, 0.45740,258.53996,1764.06963,2024.00152,-1.92051,-1.06057, 5.71518,
 5.30000,2653.07783,-1.39282,4941.59258, 6.69578, 2.10908,-2.05794,501.85345, 3.11459, 2.38296, 0.94083, 0.14789,-0.19249, 0.04645,-0.11718, 1.04280, 0.45741,258.57205,1764.14311,2021.42440,-1.92007,-1.06540, 5.78847,
 5.40000,2703.25226,-1.43901,4940.49612, 6.78836, 2.12561,-2.07367,501.87494, 3.10691, 2.40533, 0.92249, 0.14371,-0.15924, 0.04626,-0.11802, 1.04126, 0.45743,258.60275,1764.21552,2018.88230,-1.91945,-1.06759, 5.86008,
 5.50000,2753.42912,-1.48338,4939.41540, 6.87921, 2.14143,-2.08635,501.89528, 3.09939, 2.42482, 0.90375, 0.14039,-0.13090, 0.04606,-0.11866, 1.03974, 0.45745,258.63214,1764.28689,2016.38321,-1.91871,-1.06771, 5.92939,
 5.60000,2803.60829,-1.52567,4938.34994, 6.96824, 2.15667,-2.09653,501.91452, 3.09211, 2.44204, 0.88446, 0.13774,-0.10900, 0.04587,-0.11916, 1.03828, 0.45747,258.66027,1764.35726,2013.93377,-1.91786,-1.06640, 5.99616,
 5.70000,2853.78965,-1.56556,4937.29930, 7.05538, 2.17146,-2.10490,501.93269, 3.08510, 2.45771, 0.86451, 0.13559,-0.09432, 0.04569,-0.11958, 1.03687, 0.45748,258.68720,1764.42665,2011.53955,-1.91689,-1.06429, 6.06046,
 5.80000,2903.97307,-1.60274,4936.26305, 7.14053, 2.18594,-2.11217,501.94984, 3.07840, 2.47257, 0.84386, 0.13372,-0.08694, 0.04551,-0.11997, 1.03553, 0.45749,258.71295,1764.49510,2009.20521,-1.91581,-1.06199, 6.12254,
 5.90000,2954.15844,-1.63687,4935.24075, 7.22359, 2.20019,-2.11906,501.96597, 3.07201, 2.48731, 0.82252, 0.13197,-0.08630, 0.04534,-0.12039, 1.03426, 0.45751,258.73756,1764.56262,2006.93474,-1.91466,-1.06005, 6.18276,
 6.00000,3004.34566,-1.66766,4934.23202, 7.30447, 2.21431,-2.12618,501.98111, 3.06590, 2.50251, 0.80058, 0.13017,-0.09135, 0.04518,-0.12088, 1.03306, 0.45752,258.76104,1764.62925,2004.73160,-1.91346,-1.05891, 6.24150,
 6.10000,3054.53461,-1.69483,4933.23650, 7.38311, 2.22835,-2.13402,501.99527, 3.06006, 2.51863, 0.77818, 0.12821,-0.10071, 0.04502,-0.12146, 1.03192, 0.45753,258.78340,1764.69501,2002.59881,-1.91224,-1.05889, 6.29915,
 6.20000,3104.72518,-1.71815,4932.25382, 7.45945, 2.24234,-2.14296,502.00843, 3.05443, 2.53597, 0.75547, 0.12601,-0.11279, 0.04487,-0.12216, 1.03083, 0.45754,258.80464,1764.75993,2000.53911,-1.91105,-1.06017, 6.35602,
 6.30000,3154.91726,-1.73744,4931.28367, 7.53345, 2.25627,-2.15317,502.02060, 3.04899, 2.55466, 0.73269, 0.12352,-0.12597, 0.04474,-0.12298, 1.02978, 0.45755,258.82476,1764.82402,1998.55494,-1.90991,-1.06280, 6.41236,
 6.40000,3205.11074,-1.75258,4930.32573, 7.60513, 2.27012,-2.16470,502.03179, 3.04368, 2.57467, 0.71004, 0.12077,-0.13868, 0.04461,-0.12391, 1.02876, 0.45756,258.84377,1764.88730,1996.64851,-1.90885,-1.06673, 6.46829,
 6.50000,3255.30552,-1.76347,4929.37973, 7.67451, 2.28386,-2.17743,502.04199, 3.03848, 2.59583, 0.68774, 0.11779,-0.14959, 0.04448,-0.12494, 1.02777, 0.45757,258.86168,1764.94979,1994.82180,-1.90788,-1.07179, 6.52387,
 6.60000,3305.50150,-1.77010,4928.44537, 7.74164, 2.29744,-2.19113,502.05122, 3.03336, 2.61787, 0.66599, 0.11464,-0.15763, 0.04437,-0.12604, 1.02679, 0.45757,258.87849,1765.01152,1993.07654,-1.90703,-1.07773, 6.57904,
 6.70000,3355.69856,-1.77244,4927.52239, 7.80661, 2.31081,-2.20548,502.05949, 3.02829, 2.64043, 0.64497, 0.11142,-0.16207, 0.04425,-0.12718, 1.02582, 0.45758,258.89422,1765.07250,1991.41419,-1.90630,-1.08425, 6.63370,
 6.80000,3405.89660,-1.77052,4926.61051, 7.86950, 2.32391,-2.22011,502.06682, 3.02328, 2.66311, 0.62480, 0.10823,-0.16255, 0.04415,-0.12833, 1.02485, 0.45758,258.90889,1765.13275,1989.83592,-1.90568,-1.09104, 6.68766,
 6.90000,3456.09552,-1.76440,4925.70949, 7.93042, 2.33669,-2.23461,502.07323, 3.01832, 2.68551, 0.60558, 0.10517,-0.15905, 0.04404,-0.12946, 1.02389, 0.45759,258.92254,1765.19228,1988.34256,-1.90517,-1.09777, 6.74072,
 7.00000,3506.29523,-1.75410,4924.81904, 7.98948, 2.34912,-2.24862,502.07876, 3.01344, 2.70725, 0.58734, 0.10231,-0.15190, 0.04394,-0.13054, 1.02294, 0.45759,258.93519,1765.25111,1986.93460,-1.90476,-1.10416, 6.79266,
 7.10000,3556.49563,-1.73967,4923.93892, 8.04681, 2.36117,-2.26178,502.08343, 3.00863, 2.72800, 0.57007, 0.09974,-0.14167, 0.04385,-0.13156, 1.02199, 0.45760,258.94689,1765.30927,1985.61218,-1.90442,-1.10998, 6.84329,
 7.20000,3606.69663,-1.72115,4923.06887, 8.10249, 2.37284,-2.27382,502.08730, 3.00394, 2.74752, 0.55374, 0.09751,-0.12913, 0.04376,-0.13248, 1.02107, 0.45760,258.95766,1765.36676,1984.37506,-1.90413,-1.11506, 6.89241,
 7.30000,3656.89815,-1.69854,4922.20862, 8.15664, 2.38412,-2.28457,502.09039, 2.99939, 2.76565, 0.53825, 0.09563,-0.11515, 0.04367,-0.13332, 1.02017, 0.45760,258.96757,1765.42360,1983.22266,-1.90388,-1.11928, 6.93992,
 7.40000,3707.10010,-1.67182,4921.35792, 8.20933, 2.39505,-2.29391,502.09275, 2.99500, 2.78232, 0.52352, 0.09411,-0.10068, 0.04359,-0.13405, 1.01930, 0.45760,258.97665,1765.47981,1982.15407,-1.90364,-1.12261, 6.98571,
 7.50000,3757.30240,-1.64098,4920.51653, 8.26064, 2.40564,-2.30183,502.09442, 2.99079, 2.79756, 0.50942, 0.09293,-0.08657, 0.04351,-0.13469, 1.01846, 0.45760,258.98494,1765.53541,1981.16809,-1.90340,-1.12510, 7.02977,
 7.60000,3807.50499,-1.60595,4919.68420, 8.31062, 2.41594,-2.30842,502.09543, 2.98679, 2.81148, 0.49582, 0.09204,-0.07361, 0.04343,-0.13524, 1.01766, 0.45760,258.99248,1765.59042,1980.26329,-1.90313,-1.12684, 7.07212,
 7.70000,3857.70778,-1.56665,4918.86070, 8.35932, 2.42600,-2.31381,502.09581, 2.98301, 2.82423, 0.48262, 0.09138,-0.06242, 0.04336,-0.13572, 1.01691, 0.45760,258.99930,1765.64484,1979.43804,-1.90284,-1.12796, 7.11283,
 7.80000,3907.91073,-1.52299,4918.04581, 8.40674, 2.43585,-2.31819,502.09560, 2.97944, 2.83605, 0.46971, 0.09089,-0.05341, 0.04330,-0.13615, 1.01620, 0.45760,259.00544,1765.69869,1978.69057,-1.90250,-1.12864, 7.15203,
 7.90000,3958.11375,-1.47486,4917.23932, 8.45293, 2.44555,-2.32180,502.09481, 2.97609, 2.84716, 0.45700, 0.09048,-0.04682, 0.04324,-0.13655, 1.01554, 0.45759,259.01093,1765.75199,1978.01905,-1.90213,-1.12906, 7.18983,
 8.00000,4008.31680,-1.42216,4916.44104, 8.49786, 2.45514,-2.32488,502.09347, 2.97295, 2.85782, 0.44443, 0.09009,-0.04265, 0.04319,-0.13693, 1.01492, 0.45759,259.01578,1765.80475,1977.42160,-1.90173,-1.12940, 7.22640,
 8.10000,4058.51980,-1.36477,4915.65077, 8.54156, 2.46464,-2.32766,502.09160, 2.97000, 2.86825, 0.43196, 0.08965,-0.04073, 0.04315,-0.13731, 1.01434, 0.45759,259.02002,1765.85698,1976.89636,-1.90130,-1.12984, 7.26190,
 8.20000,4108.72271,-1.30258,4914.86836, 8.58402, 2.47409,-2.33034,502.08919, 2.96722, 2.87866, 0.41958, 0.08911,-0.04075, 0.04311,-0.13770, 1.01380, 0.45759,259.02364,1765.90869,1976.44153,-1.90085,-1.13050, 7.29647,
 8.30000,4158.92547,-1.23551,4914.09363, 8.62525, 2.48349,-2.33311,502.08627, 2.96459, 2.88921, 0.40730, 0.08843,-0.04225, 0.04307,-0.13812, 1.01328, 0.45758,259.02668,1765.95989,1976.05537,-1.90040,-1.13150, 7.33024,
 8.40000,4209.12801,-1.16348,4913.32645, 8.66524, 2.49284,-2.33608,502.08284, 2.96208, 2.89999, 0.39515, 0.08759,-0.04472, 0.04304,-0.13857, 1.01280, 0.45758,259.02913,1766.01060,1975.73622,-1.89995,-1.13290, 7.36331,
 8.50000,4259.33029,-1.08640,4912.56667, 8.70401, 2.50215,-2.33934,502.07891, 2.95968, 2.91106, 0.38317, 0.08657,-0.04762, 0.04302,-0.13905, 1.01233, 0.45757,259.03101,1766.06082,1975.48251,-1.89952,-1.13472, 7.39576,
 8.60000,4309.53226,-1.00425,4911.81417, 8.74159, 2.51139,-2.34288,502.07448, 2.95735, 2.92242, 0.37141, 0.08540,-0.05043, 0.04300,-0.13956, 1.01187, 0.45757,259.03232,1766.11056,1975.29277,-1.89911,-1.13694, 7.42763,
 8.70000,4359.73386,-0.91697,4911.06882, 8.77798, 2.52056,-2.34670,502.06957, 2.95507, 2.93402, 0.35992, 0.08409,-0.05270, 0.04298,-0.14010, 1.01143, 0.45756,259.03307,1766.15983,1975.16556,-1.89874,-1.13952, 7.45894,
 8.80000,4409.93504,-0.82456,4910.33051, 8.81324, 2.52961,-2.35071,502.06418, 2.95285, 2.94578, 0.34877, 0.08267,-0.05404, 0.04297,-0.14065, 1.01099, 0.45755,259.03327,1766.20863,1975.09952,-1.89842,-1.14236, 7.48967,
 8.90000,4460.13574,-0.72702,4909.59912, 8.84739, 2.53854,-2.35482,502.05833, 2.95065, 2.95756, 0.33799, 0.08118,-0.05422, 0.04296,-0.14121, 1.01055, 0.45755,259.03294,1766.25698,1975.09329,-1.89813,-1.14538, 7.51980,
 9.00000,4510.33593,-0.62433,4908.87452, 8.88049, 2.54732,-2.35889,502.05203, 2.94848, 2.96926, 0.32761, 0.07968,-0.05308, 0.04295,-0.14178, 1.01011, 0.45754,259.03210,1766.30488,1975.14554,-1.89788,-1.14846, 7.54928,
 9.10000,4560.53555,-0.51651,4908.15662, 8.91257, 2.55592,-2.36281,502.04529, 2.94633, 2.98072, 0.31767, 0.07819,-0.05063, 0.04295,-0.14232, 1.00968, 0.45753,259.03075,1766.35233,1975.25490,-1.89768,-1.15150, 7.57806,
 9.20000,4610.73456,-0.40357,4907.44530, 8.94370, 2.56433,-2.36644,502.03814, 2.94420, 2.99183, 0.30817, 0.07676,-0.04694, 0.04295,-0.14285, 1.00924, 0.45753,259.02893,1766.39936,1975.41997,-1.89750,-1.15440, 7.60607,
 9.30000,4660.93291,-0.28553,4906.74043, 8.97391, 2.57254,-2.36967,502.03060, 2.94211, 3.00248, 0.29910, 0.07541,-0.04223, 0.04295,-0.14335, 1.00881, 0.45752,259.02665,1766.44596,1975.63929,-1.89736,-1.15708, 7.63328,
 9.40000,4711.13057,-0.16237,4906.04191, 9.00326, 2.58055,-2.37241,502.02268, 2.94006, 3.01258, 0.29044, 0.07418,-0.03675, 0.04296,-0.14381, 1.00839, 0.45751,259.02393,1766.49214,1975.91136,-1.89723,-1.15947, 7.65965,
 9.50000,4761.32749,-0.03411,4905.34963, 9.03179, 2.58835,-2.37460,502.01441, 2.93805, 3.02209, 0.28217, 0.07307,-0.03081, 0.04296,-0.14424, 1.00797, 0.45750,259.02080,1766.53790,1976.23461,-1.89711,-1.16155, 7.68515,
 9.60000,4811.52364, 0.09926,4904.66346, 9.05954, 2.59595,-2.37620,502.00581, 2.93610, 3.03099, 0.27425, 0.07208,-0.02474, 0.04297,-0.14462, 1.00755, 0.45749,259.01729,1766.58327,1976.60742,-1.89700,-1.16328, 7.70978,
 9.70000,4861.71897, 0.23777,4903.98329, 9.08653, 2.60337,-2.37722,501.99690, 2.93422, 3.03928, 0.26663, 0.07122,-0.01884, 0.04298,-0.14497, 1.00715, 0.45748,259.01340,1766.62824,1977.02812,-1.89688,-1.16470, 7.73354,
 9.80000,4911.91347, 0.38143,4903.30902, 9.11280, 2.61061,-2.37769,501.98770, 2.93240, 3.04702, 0.25926, 0.07045,-0.01340, 0.04299,-0.14528, 1.00677, 0.45747,259.00917,1766.67282,1977.49500,-1.89674,-1.16583, 7.75648,
 9.90000,4962.10710, 0.53029,4902.64053, 9.13837, 2.61771,-2.37766,501.97822, 2.93066, 3.05426, 0.25211, 0.06976,-0.00864, 0.04301,-0.14557, 1.00639, 0.45746,259.00461,1766.71702,1978.00635,-1.89660,-1.16673, 7.77862,
10.00000,5012.29982, 0.68437,4901.97771, 9.16325, 2.62467,-2.37720,501.96849, 2.92900, 3.06109, 0.24513, 0.06913,-0.00470, 0.04303,-0.14583, 1.00603, 0.45745,258.99974,1766.76084,1978.56045,-1.89643,-1.16744, 7.80002,
10.10000,5062.49146, 0.84355,4901.31928, 9.18732, 2.64583,-2.37450,501.95468, 2.94482, 3.06806, 0.23626, 0.43092,-0.01414, 0.04112,-0.14546, 1.00033, 0.45744,258.99063,1766.80438,1979.16974,-2.45361,-1.17150, 7.88186,
10.20000,5112.68153, 1.00813,4900.66516, 9.21163, 2.71293,-2.36760,501.93677, 3.00175, 3.07897, 0.24540, 0.90897,-0.07834, 0.04217,-0.14311, 1.02383, 0.45742,258.97726,1766.84763,1979.87386,-2.48424,-1.14811, 8.16158,
10.30000,5162.86970, 1.18014,4900.02230, 9.23697, 2.82639,-2.36452,501.91385, 3.09356, 3.10237, 0.25771, 1.33020,-0.24389, 0.04378,-0.14026, 1.05501, 0.45740,258.95863,1766.89013,1980.70376,-2.49204,-1.11373, 8.58589,
10.40000,5213.05545, 1.36218,4899.40038, 9.26234, 2.98190,-2.37725,501.88336, 3.21187, 3.14930, 0.26041, 1.68805,-0.52595, 0.04574,-0.13859, 1.09103, 0.45737,258.93202,1766.93126,1981.70726,-2.50181,-1.08936, 9.09356,
10.50000,5263.23800, 1.55681,4898.81074, 9.28568, 3.17507,-2.41781,501.84255, 3.34905, 3.23016, 0.24715, 1.98428,-0.91091, 0.04802,-0.13943, 1.13028, 0.45733,258.89451,1766.97025,1982.95318,-2.51390,-1.09152, 9.64413,
10.60000,5313.41629, 1.76595,4898.26584, 9.30452, 3.40140,-2.49580,501.78867, 3.49829, 3.35248, 0.21648, 2.22177,-1.36522, 0.05055,-0.14366, 1.17131, 0.45728,258.84318,1767.00628,1984.52993,-2.52792,-1.13184,10.21134,
10.70000,5363.58895, 1.99057,4897.77889, 9.31652, 3.65605,-2.61687,501.71907, 3.65360, 3.51950, 0.17058, 2.40446,-1.84362, 0.05328,-0.15171, 1.21289, 0.45722,258.77517,1767.03848,1986.54336,-2.54398,-1.21681,10.77752,
10.80000,5413.75432, 2.23044,4897.36350, 9.31989, 3.93386,-2.78184,501.63120, 3.80989, 3.72962, 0.11417, 2.53744,-2.29647, 0.05615,-0.16352, 1.25388, 0.45714,258.68777,1767.06595,1989.11400,-2.56251,-1.34765,11.33012,
10.90000,5463.91047, 2.48409,4897.03323, 9.31369, 4.22938,-2.98663,501.52276, 3.96297, 3.97643, 0.05349, 2.62695,-2.67612, 0.05908,-0.17861, 1.29338, 0.45704,258.57851,1767.08779,1992.37400,-2.58403,-1.52043,11.85984,
11.00000,5514.05516, 2.74888,4896.80120, 9.29787, 4.53713,-3.22255,501.39226, 4.11031, 4.24930,-0.00895, 2.68102,-2.93874, 0.06206,-0.19597, 1.32654, 0.45692,258.44577,1767.10313,1996.46195,-2.60754,-1.73289,12.36543,
11.10000,5564.18601, 3.02116,4896.67897, 9.27340, 4.85181,-3.47690,501.23903, 4.25065, 4.53421,-0.06160, 2.70808,-3.05489, 0.06504,-0.21421, 1.35665, 0.45678,258.28878,1767.11122,2001.51193,-2.63234,-1.96704,12.84774,
11.20000,5614.30051, 3.29675,4896.67700, 9.24273, 5.16864,-3.73516,501.06234, 4.38252, 4.81604,-0.09779, 2.71546,-3.01756, 0.06795,-0.23212, 1.38402, 0.45662,258.10674,1767.11135,2007.65262,-2.65863,-2.20526,13.29932,
11.30000,5664.39599, 3.57141,4896.80486, 9.20896, 5.48357,-3.98265,500.86208, 4.50507, 5.08017,-0.11496, 2.70993,-2.83400, 0.07076,-0.24857, 1.40874, 0.45644,257.89946,1767.10289,2015.00455,-2.68593,-2.43289,13.71455,
11.40000,5714.46977, 3.84122,4897.07117, 9.17550, 5.79344,-4.20593,500.63873, 4.61794, 5.31377,-0.11254, 2.69719,-2.52424, 0.07344,-0.26261, 1.43102, 0.45623,257.66744,1767.08528,2023.67493,-2.71353,-2.63648,14.08940,
11.50000,5764.51915, 4.10288,4897.48367, 9.14568, 6.09603,-4.39395,500.39340, 4.72118, 5.50691,-0.09192, 2.68166,-2.11842, 0.07598,-0.27353, 1.45109, 0.45601,257.41177,1767.05800,2033.75305,-2.74061,-2.80514,14.42117,
11.60000,5814.54152, 4.35398,4898.04919, 9.12242, 6.39002,-4.53888,500.12767, 4.81513, 5.65318,-0.05624, 2.66638,-1.65322, 0.07837,-0.28094, 1.46923, 0.45577,257.13407,1767.02061,2045.30679,-2.76629,-2.93156,14.70819,
11.70000,5864.53438, 4.59317,4898.77380, 9.10794, 6.67495,-4.63666,499.84343, 4.90033, 5.75010,-0.00991, 2.65304,-1.16780, 0.08061,-0.28475, 1.48569, 0.45551,256.83626,1766.97269,2058.38093,-2.78977,-3.01253,14.94976,
11.80000,5914.49536, 4.82020,4899.66281, 9.10356, 6.95109,-4.68704,499.54268, 4.97743, 5.79897, 0.04195, 2.64209,-0.69986, 0.08272,-0.28518, 1.50067, 0.45524,256.52041,1766.91390,2072.99729,-2.81040,-3.04897,15.14607,
11.90000,5964.42228, 5.03584,4900.72092, 9.10965, 7.21917,-4.69328,499.22730, 5.04704, 5.80441, 0.09511, 2.63216,-0.28113, 0.08474,-0.28295, 1.51478, 0.45495,256.18844,1766.84394,2089.15685,-2.83018,-3.04416,15.29865,
12.00000,6014.31304, 5.24173,4901.95236, 9.12580, 7.48015,-4.66136,498.89889, 5.10954, 5.77342, 0.14471, 2.62191, 0.06540, 0.08666,-0.27847, 1.52763, 0.45466,255.84199,1766.76252,2106.84415,-2.84967,-3.00513,15.41003,
12.10000,6064.16571, 5.44024,4903.36090, 9.15064, 7.73528,-4.59934,498.55891, 5.16554, 5.71487, 0.18614, 2.61101, 0.32225, 0.08851,-0.27234, 1.53913, 0.45435,255.48257,1766.66939,2126.03050,-2.86488,-2.94222,15.48247,
12.20000,6113.97842, 5.63420,4904.94974, 9.18221, 7.98589,-4.51658,498.20849, 5.21556, 5.63858, 0.21692, 2.59772, 0.48151, 0.09030,-0.26534, 1.54930, 0.45403,255.11134,1766.56434,2146.67763,-2.87556,-2.86542,15.51951,
12.30000,6163.74941, 5.82670,4906.72165, 9.21818, 8.23317,-4.42283,497.84840, 5.25997, 5.55436, 0.23579, 2.58019, 0.54473, 0.09206,-0.25821, 1.55810, 0.45371,254.72909,1766.44720,2168.74192,-2.88187,-2.78467,15.52559,
12.40000,6213.47695, 6.02084,4908.67892, 9.25608, 8.47808,-4.32730,497.47915, 5.29898, 5.47118, 0.24276, 2.55684, 0.52186, 0.09380,-0.25162, 1.56546, 0.45337,254.33636,1766.31781,2192.17784,-2.88422,-2.70888,15.50577,
12.50000,6263.15935, 6.21948,4910.82343, 9.29362, 8.72124,-4.23788,497.10104, 5.33264, 5.39643, 0.23894, 2.52651, 0.42941, 0.09552,-0.24607, 1.57129, 0.45303,253.93348,1766.17605,2216.94045,-2.88312,-2.64516,15.46538,
12.60000,6312.79492, 6.42507,4913.15660, 9.32881, 8.96290,-4.16067,496.71427, 5.36094, 5.33546, 0.22637, 2.48860, 0.28817, 0.09723,-0.24190, 1.57551, 0.45268,253.52065,1766.02183,2242.98679,-2.87917,-2.59836,15.40968,
12.70000,6362.38202, 6.63952,4915.67942, 9.36019, 9.20293,-4.09955,496.31898, 5.38379, 5.29139, 0.20764, 2.44311, 0.12075, 0.09893,-0.23925, 1.57805, 0.45233,253.09806,1765.85508,2270.27644,-2.87303,-2.57086,15.34360,
12.80000,6411.91903, 6.86414,4918.39242, 9.38688, 9.44088,-4.05621,495.91536, 5.40111, 5.26507, 0.18556, 2.39065,-0.05076, 0.10062,-0.23810, 1.57890, 0.45196,252.66591,1765.67578,2298.77125,-2.86534,-2.56261,15.27146,
12.90000,6461.40437, 7.09969,4921.29569, 9.40861, 9.67604,-4.03018,495.50367, 5.41289, 5.25534, 0.16287, 2.33234,-0.20687, 0.10228,-0.23825, 1.57808, 0.45159,252.22450,1765.48393,2328.43465,-2.85669,-2.57146,15.19686,
13.00000,6510.83650, 7.34633,4924.38884, 9.42568, 9.90753,-4.01926,495.08426, 5.41917, 5.25940, 0.14191, 2.26969,-0.33223, 0.10390,-0.23942, 1.57564, 0.45122,251.77421,1765.27954,2359.23066,-2.84758,-2.59363,15.12257,
13.10000,6560.21398, 7.60384,4927.67103, 9.43885,10.13442,-4.01991,494.65759, 5.42011, 5.27334, 0.12447, 2.20444,-0.41666, 0.10550,-0.24124, 1.57172, 0.45083,251.31558,1765.06268,2391.12276,-2.83837,-2.62427,15.05052,
13.20000,6609.53546, 7.87165,4931.14102, 9.44921,10.35584,-4.02780,494.22428, 5.41601, 5.29263, 0.11165, 2.13840,-0.45547, 0.10705,-0.24330, 1.56645, 0.45044,250.84922,1764.83344,2424.07286,-2.82928,-2.65815,14.98182,
13.30000,6658.79968, 8.14903,4934.79711, 9.45802,10.57104,-4.03837,493.78500, 5.40723, 5.31274, 0.10383, 2.07326,-0.44926, 0.10857,-0.24525, 1.56003, 0.45005,250.37590,1764.59193,2458.04032,-2.82041,-2.69020,14.91681,
13.40000,6708.00552, 8.43519,4938.63730, 9.46656,10.77948,-4.04730,493.34055, 5.39426, 5.32954, 0.10076, 2.01046,-0.40318, 0.11004,-0.24675, 1.55264, 0.44965,249.89645,1764.33828,2492.98129,-2.81172,-2.71609,14.85516,
13.50000,6757.15196, 8.72943,4942.65922, 9.47597,10.98086,-4.05095,492.89177, 5.37763, 5.33971, 0.10163, 1.95113,-0.32580, 0.11149,-0.24759, 1.54450, 0.44925,249.41175,1764.07267,2528.84833,-2.80310,-2.73254,14.79603,
13.60000,6806.23816, 9.03121,4946.86026, 9.48713,11.17513,-4.04661,492.43951, 5.35795, 5.34095, 0.10529, 1.89599,-0.22779, 0.11291,-0.24761, 1.53578, 0.44884,248.92273,1763.79526,2565.59040,-2.79437,-2.73762,14.73818,
13.70000,6855.26335, 9.34020,4951.23760, 9.50063,11.36248,-4.03270,491.98461, 5.33578, 5.33211, 0.11040, 1.84536,-0.12056, 0.11431,-0.24678, 1.52667, 0.44844,248.43026,1763.50624,2603.15321,-2.78534,-2.73073,14.68023,
13.80000,6904.22693, 9.65632,4955.78824, 9.51670,11.54328,-4.00876,491.52786, 5.31170, 5.31314, 0.11566, 1.79917,-0.01502, 0.11570,-0.24515, 1.51731, 0.44803,247.93517,1763.20583,2641.47993,-2.77586,-2.71252,14.62079,
13.90000,6953.12840, 9.97975,4960.50908, 9.53522,11.71805,-3.97534,491.06995, 5.28623, 5.28497, 0.11991, 1.75708, 0.07949, 0.11709,-0.24283, 1.50783, 0.44762,247.43820,1762.89422,2680.51209,-2.76577,-2.68464,14.55866,
14.00000,7001.96735,10.31085,4965.39696, 9.55584,11.88742,-3.93388,490.61146, 5.25981, 5.24928, 0.12228, 1.71848, 0.15589, 0.11850,-0.24000, 1.49830, 0.44721,246.93997,1762.57163,2720.19068,-2.75499,-2.64947,14.49295,
14.10000,7050.74346,10.65018,4970.44868, 9.57794,12.05201,-3.88636,490.15287, 5.23281, 5.20826, 0.12226, 1.68262, 0.20977, 0.11992,-0.23686, 1.48878, 0.44680,246.44099,1762.23828,2760.45725,-2.74349,-2.60976,14.42321,
14.20000,7099.45650,10.99836,4975.66102, 9.60083,12.21247,-3.83512,489.69455, 5.20550, 5.16432, 0.11966, 1.64873, 0.23946, 0.12137,-0.23360, 1.47930, 0.44639,245.94167,1761.89438,2801.25497,-2.73130,-2.56829,14.34939,
14.30000,7148.10628,11.35606,4981.03080, 9.62375,12.36933,-3.78256,489.23675, 5.17807, 5.11983, 0.11462, 1.61605, 0.24581, 0.12284,-0.23040, 1.46986, 0.44598,245.44229,1761.54015,2842.52940,-2.71849,-2.52764,14.27189,
14.40000,7196.69266,11.72394,4986.55485, 9.64601,12.52304,-3.73087,488.77967, 5.15063, 5.07690, 0.10753, 1.58391, 0.23176, 0.12435,-0.22743, 1.46046, 0.44557,244.94307,1761.17581,2884.22919,-2.70519,-2.48996,14.19143,
14.50000,7245.21557,12.10256,4992.23003, 9.66702,12.67395,-3.68192,488.32343, 5.12323, 5.03723, 0.09897, 1.55181, 0.20174, 0.12588,-0.22478, 1.45108, 0.44517,244.44417,1760.80156,2926.30644,-2.69155,-2.45678,14.10901,
14.60000,7293.67494,12.49237,4998.05323, 9.68635,12.82227,-3.63705,487.86812, 5.09588, 5.00201, 0.08957, 1.51940, 0.16105, 0.12745,-0.22254, 1.44170, 0.44476,243.94568,1760.41761,2968.71679,-2.67774,-2.42902,14.02575,
14.70000,7342.07075,12.89369,5004.02138, 9.70375,12.96810,-3.59710,487.41379, 5.06856, 4.97185, 0.07998, 1.48653, 0.11522, 0.12904,-0.22071, 1.43230, 0.44435,243.44772,1760.02418,3011.41942,-2.66392,-2.40697,13.94283,
14.80000,7390.40301,13.30669,5010.13142, 9.71912,13.11143,-3.56232,486.96053, 5.04123, 4.94683, 0.07077, 1.45321, 0.06947, 0.13066,-0.21927, 1.42287, 0.44395,242.95036,1759.62147,3054.37673,-2.65024,-2.39035,13.86136,
14.90000,7438.67176,13.73140,5016.38032, 9.73257,13.25219,-3.53251,486.50840, 5.01386, 4.92660, 0.06239, 1.41960, 0.02820, 0.13231,-0.21817, 1.41340, 0.44355,242.45372,1759.20968,3097.55409,-2.63685,-2.37843,13.78233,
15.00000,7486.87709,14.16773,5022.76506, 9.74432,13.39026,-3.50704,486.05749, 4.98643, 4.91039, 0.05564, 1.38580,-0.00523, 0.13398,-0.21735, 1.40403, 0.44315,241.95789,1758.78903,3140.91935,-2.62424,-2.36951,13.70651,
15.10000,7535.01908,14.61548,5029.28266, 9.75477,13.52546,-3.48501,485.60791, 4.95883, 4.89726, 0.05108, 1.35186,-0.02872, 0.13567,-0.21671, 1.39471, 0.44275,241.46302,1758.35970,3184.44247,-2.61334,-2.36138,13.63447,
15.20000,7583.09789,15.07440,5035.93020, 9.76430,13.65765,-3.46538,485.15981, 4.93108, 4.88611, 0.04755, 1.31852,-0.04155, 0.13737,-0.21615, 1.38537, 0.44235,240.96926,1757.92190,3228.09509,-2.60302,-2.35431,13.56635,
15.30000,7631.11368,15.54421,5042.70475, 9.77327,13.78673,-3.44707,484.71334, 4.90326, 4.87588, 0.04495, 1.28614,-0.04414, 0.13908,-0.21559, 1.37606, 0.44196,240.47679,1757.47582,3271.85012,-2.59314,-2.34724,13.50221,
15.40000,7679.06668,16.02461,5049.60340, 9.78197,13.91264,-3.42907,484.26867, 4.87546, 4.86564, 0.04310, 1.25500,-0.03782, 0.14080,-0.21497, 1.36679, 0.44156,239.98581,1757.02167,3315.68148,-2.58366,-2.33925,13.44189,
15.50000,7726.95714,16.51533,5056.62326, 9.79068,14.03537,-3.41057,483.82597, 4.84777, 4.85463, 0.04178, 1.22527,-0.02462, 0.14252,-0.21423, 1.35762, 0.44117,239.49651,1756.55963,3359.56390,-2.57453,-2.32967,13.38509,
15.60000,7774.78534,17.01613,5063.76145, 9.79958,14.15498,-3.39096,483.38544, 4.82031, 4.84234, 0.04073, 1.19707,-0.00696, 0.14425,-0.21335, 1.34857, 0.44078,239.00908,1756.08991,3403.47285,-2.56568,-2.31814,13.33134,
15.70000,7822.55162,17.52683,5071.01517, 9.80878,14.27157,-3.36989,482.94722, 4.79318, 4.82850, 0.03970, 1.17040, 0.01263, 0.14599,-0.21233, 1.33966, 0.44039,238.52370,1755.61269,3447.38450,-2.55705,-2.30456,13.28012,
15.80000,7870.25631,18.04727,5078.38163, 9.81829,14.38526,-3.34725,482.51147, 4.76647, 4.81310, 0.03847, 1.14522, 0.03182, 0.14773,-0.21116, 1.33093, 0.44000,238.04055,1755.12816,3491.27575,-2.54857,-2.28912,13.23090,
15.90000,7917.89979,18.57739,5085.85809, 9.82807,14.49623,-3.32316,482.07834, 4.74029, 4.79632, 0.03691, 1.12138, 0.04864, 0.14949,-0.20989, 1.32239, 0.43962,237.55976,1754.63650,3535.12433,-2.54019,-2.27217,13.18314,
16.00000,7965.48248,19.11714,5093.44189, 9.83800,14.60465,-3.29793,481.64792, 4.71468, 4.77851, 0.03490, 1.09871, 0.06165, 0.15125,-0.20853, 1.31404, 0.43924,237.08147,1754.13790,3578.90890,-2.53186,-2.25423,13.13641,
16.10000,8013.00478,19.66651,5101.13043, 9.84795,14.71069,-3.27196,481.22033, 4.68971, 4.76012, 0.03245, 1.07703, 0.07000, 0.15301,-0.20715, 1.30589, 0.43886,236.60579,1753.63252,3622.60920,-2.52358,-2.23587,13.09035,
16.20000,8060.46714,20.22552,5108.92115, 9.85773,14.81454,-3.24574,480.79561, 4.66539, 4.74163, 0.02958, 1.05612, 0.07343, 0.15479,-0.20576, 1.29793, 0.43849,236.13279,1753.12055,3666.20610,-2.51532,-2.21766,13.04473,
16.30000,8107.87000,20.79417,5116.81158, 9.86720,14.91633,-3.21975,480.37383, 4.64173, 4.72350, 0.02639, 1.03579, 0.07223, 0.15657,-0.20442, 1.29016, 0.43812,235.66253,1752.60215,3709.68173,-2.50711,-2.20010,12.99944,
16.40000,8155.21382,21.37249,5124.79931, 9.87622,15.01619,-3.19441,479.95503, 4.61873, 4.70616, 0.02299, 1.01589, 0.06710, 0.15837,-0.20315, 1.28257, 0.43775,235.19507,1752.07749,3753.01948,-2.49897,-2.18362,12.95447,
16.50000,8202.49907,21.96048,5132.88200, 9.88467,15.11422,-3.17008,479.53923, 4.59637, 4.68989, 0.01952, 0.99628, 0.05905, 0.16016,-0.20197, 1.27514, 0.43738,234.73044,1751.54671,3796.20405,-2.49092,-2.16847,12.90992,
16.60000,8249.72621,22.55810,5141.05734, 9.89249,15.21048,-3.14698,479.12644, 4.57461, 4.67490, 0.01610, 0.97688, 0.04925, 0.16197,-0.20089, 1.26787, 0.43702,234.26866,1751.00999,3839.22138,-2.48300,-2.15480,12.86594,
16.70000,8296.89573,23.16530,5149.32313, 9.89965,15.30501,-3.12526,478.71668, 4.55343, 4.66127, 0.01286, 0.95765, 0.03886, 0.16377,-0.19991, 1.26075, 0.43666,233.80977,1750.46746,3882.05860,-2.47526,-2.14261,12.82272,
16.80000,8344.00811,23.78200,5157.67717, 9.90618,15.39783,-3.10489,478.30998, 4.53279, 4.64896, 0.00988, 0.93858, 0.02896, 0.16558,-0.19903, 1.25376, 0.43630,233.35378,1749.91927,3924.70393,-2.46771,-2.13178,12.78049,
16.90000,8391.06384,24.40810,5166.11735, 9.91211,15.48893,-3.08580,477.90633, 4.51266, 4.63784, 0.00722, 0.91971, 0.02041, 0.16739,-0.19822, 1.24690, 0.43594,232.90072,1749.36558,3967.14656,-2.46038,-2.12212,12.73944,
17.00000,8438.06343,25.04347,5174.64159, 9.91754,15.57832,-3.06779,477.50576, 4.49301, 4.62773, 0.00490, 0.90108, 0.01382, 0.16920,-0.19747, 1.24017, 0.43559,232.45061,1748.80651,4009.37656,-2.45329,-2.11336,12.69973,
17.10000,8485.00737,25.68797,5183.24787, 9.92254,15.66597,-3.05067,477.10830, 4.47384, 4.61838, 0.00292, 0.88276, 0.00953, 0.17101,-0.19677, 1.23357, 0.43524,232.00349,1748.24220,4051.38474,-2.44645,-2.10521,12.66149,
17.20000,8531.89617,26.34144,5191.93421, 9.92721,15.75190,-3.03417,476.71397, 4.45512, 4.60955, 0.00124, 0.86480, 0.00759, 0.17281,-0.19609, 1.22709, 0.43490,231.55938,1747.67280,4093.16252,-2.43985,-2.09742,12.62478,
17.30000,8578.73035,27.00374,5200.69865, 9.93165,15.83608,-3.01806,476.32281, 4.43685, 4.60102,-0.00019, 0.84727, 0.00781, 0.17462,-0.19541, 1.22074, 0.43456,231.11833,1747.09843,4134.70190,-2.43347,-2.08973,12.58960,
17.40000,8625.51043,27.67471,5209.53932, 9.93592,15.91855,-3.00212,475.93483, 4.41903, 4.59258,-0.00144, 0.83021, 0.00983, 0.17641,-0.19472, 1.21452, 0.43422,230.68036,1746.51921,4175.99530,-2.42731,-2.08197,12.55590,
17.50000,8672.23694,28.35421,5218.45435, 9.94010,15.99931,-2.98620,475.55009, 4.40165, 4.58409,-0.00257, 0.81365, 0.01314, 0.17821,-0.19402, 1.20843, 0.43388,230.24553,1745.93529,4217.03557,-2.42134,-2.07400,12.52357,
17.60000,8718.91040,29.04211,5227.44194, 9.94421,16.07839,-2.97018,475.16860, 4.38473, 4.57546,-0.00365, 0.79759, 0.01719, 0.18000,-0.19330, 1.20248, 0.43354,229.81386,1745.34676,4257.81594,-2.41555,-2.06577,12.49249,
17.70000,8765.53135,29.73831,5236.50032, 9.94829,16.15585,-2.95400,474.79041, 4.36827, 4.56664,-0.00472, 0.78203, 0.02146, 0.18178,-0.19255, 1.19666, 0.43321,229.38539,1744.75377,4298.32995,-2.40990,-2.05729,12.46250,
17.80000,8812.10033,30.44268,5245.62776, 9.95232,16.23172,-2.93765,474.41553, 4.35227, 4.55764,-0.00583, 0.76694, 0.02546, 0.18355,-0.19179, 1.19097, 0.43289,228.96014,1744.15641,4338.57154,-2.40439,-2.04860,12.43344,
17.90000,8858.61789,31.15515,5254.82258, 9.95629,16.30607,-2.92118,474.04399, 4.33673, 4.54853,-0.00699, 0.75229, 0.02883, 0.18532,-0.19101, 1.18541, 0.43256,228.53814,1743.55482,4378.53496,-2.39900,-2.03980,12.40516,
18.00000,8905.08456,31.87564,5264.08315, 9.96018,16.37893,-2.90466,473.67580, 4.32165, 4.53937,-0.00822, 0.73803, 0.03131, 0.18709,-0.19024, 1.17999, 0.43224,228.11942,1742.94909,4418.21483,-2.39371,-2.03101,12.37753,
18.10000,8951.50090,32.60407,5273.40787, 9.96395,16.45038,-2.88818,473.31098, 4.30702, 4.53026,-0.00949, 0.72411, 0.03280, 0.18884,-0.18947, 1.17469, 0.43192,227.70398,1742.33934,4457.60614,-2.38853,-2.02234,12.35043,
18.20000,8997.86743,33.34037,5282.79518, 9.96758,16.52045,-2.87183,472.94953, 4.29283, 4.52130,-0.01080, 0.71050, 0.03329, 0.19059,-0.18871, 1.16952, 0.43161,227.29184,1741.72566,4496.70426,-2.38345,-2.01390,12.32378,
18.30000,9044.18471,34.08448,5292.24356, 9.97103,16.58920,-2.85571,472.59147, 4.27907, 4.51258,-0.01212, 0.69715, 0.03291, 0.19234,-0.18797, 1.16446, 0.43130,226.88301,1741.10817,4535.50495,-2.37846,-2.00578,12.29756,
18.40000,9090.45329,34.83634,5301.75155, 9.97427,16.65665,-2.83990,472.23679, 4.26572, 4.50416,-0.01341, 0.68402, 0.03185, 0.19407,-0.18726, 1.15952, 0.43099,226.47748,1740.48697,4574.00434,-2.37359,-1.99806,12.27174,
18.50000,9136.67369,35.59587,5311.31771, 9.97731,16.72284,-2.82444,471.88549, 4.25277, 4.49609,-0.01466, 0.67110, 0.03033, 0.19580,-0.18658, 1.15468, 0.43068,226.07525,1739.86214,4612.19892,-2.36882,-1.99076,12.24632,
18.60000,9182.84647,36.36300,5320.94063, 9.98012,16.78780,-2.80938,471.53756, 4.24021, 4.48839,-0.01584, 0.65837, 0.02861, 0.19751,-0.18592, 1.14995, 0.43038,225.67633,1739.23379,4650.08554,-2.36417,-1.98388,12.22135,
18.70000,9228.97216,37.13765,5330.61895, 9.98273,16.85154,-2.79472,471.19301, 4.22800, 4.48106,-0.01693, 0.64582, 0.02693, 0.19922,-0.18529, 1.14532, 0.43008,225.28072,1738.60200,4687.66139,-2.35965,-1.97742,12.19685,
18.80000,9275.05130,37.91975,5340.35134, 9.98513,16.91408,-2.78044,470.85183, 4.21615, 4.47408,-0.01792, 0.63345, 0.02546, 0.20092,-0.18468, 1.14078, 0.42978,224.88840,1737.96687,4724.92395,-2.35524,-1.97132,12.17289,
18.90000,9321.08443,38.70921,5350.13650, 9.98736,16.97543,-2.76650,470.51402, 4.20463, 4.46741,-0.01881, 0.62128, 0.02437, 0.20261,-0.18410, 1.13634, 0.42949,224.49938,1737.32849,4761.87098,-2.35097,-1.96553,12.14949,
19.00000,9367.07208,39.50595,5359.97315, 9.98942,17.03561,-2.75287,470.17957, 4.19343, 4.46100,-0.01959, 0.60931, 0.02374, 0.20428,-0.18353, 1.13199, 0.42920,224.11366,1736.68693,4798.50048,-2.34681,-1.95998,12.12669,
19.10000,9413.01477,40.30988,5369.86006, 9.99135,17.09462,-2.73949,469.84848, 4.18254, 4.45480,-0.02029, 0.59756, 0.02358, 0.20595,-0.18297, 1.12772, 0.42891,223.73123,1736.04230,4834.81069,-2.34278,-1.95462,12.10452,
19.20000,9458.91306,41.12092,5379.79602, 9.99318,17.15249,-2.72630,469.52074, 4.17196, 4.44876,-0.02092, 0.58603, 0.02387, 0.20761,-0.18242, 1.12354, 0.42863,223.35208,1735.39465,4870.80003,-2.33887,-1.94939,12.08297,
19.30000,9504.76745,41.93898,5389.77984, 9.99491,17.20923,-2.71327,469.19636, 4.16168, 4.44283,-0.02148, 0.57473, 0.02454, 0.20925,-0.18188, 1.11945, 0.42835,222.97622,1734.74409,4906.46710,-2.33507,-1.94424,12.06206,
19.40000,9550.57849,42.76398,5399.81037, 9.99656,17.26485,-2.70034,468.87534, 4.15168, 4.43698,-0.02199, 0.56367, 0.02549, 0.21088,-0.18134, 1.11544, 0.42807,222.60365,1734.09068,4941.81067,-2.33138,-1.93915,12.04176,
19.50000,9596.34670,43.59585,5409.88647, 9.99815,17.31937,-2.68751,468.55765, 4.14197, 4.43120,-0.02248, 0.55285, 0.02660, 0.21250,-0.18080, 1.11152, 0.42780,222.23435,1733.43449,4976.82965,-2.32779,-1.93409,12.02204,
19.60000,9642.07260,44.43452,5420.00706, 9.99969,17.37282,-2.67474,468.24331, 4.13254, 4.42546,-0.02295, 0.54227, 0.02775, 0.21411,-0.18026, 1.10767, 0.42753,221.86832,1732.77562,5011.52310,-2.32430,-1.92906,12.00286,
19.70000,9687.75671,45.27990,5430.17105,10.00116,17.42522,-2.66205,467.93231, 4.12339, 4.41977,-0.02340, 0.53191, 0.02886, 0.21571,-0.17972, 1.10391, 0.42726,221.50556,1732.11412,5045.89022,-2.32089,-1.92408,11.98419,
19.80000,9733.39955,46.13195,5440.37739,10.00259,17.47660,-2.64943,467.62464, 4.11450, 4.41414,-0.02385, 0.52178, 0.02982, 0.21730,-0.17919, 1.10023, 0.42699,221.14606,1731.45007,5079.93034,-2.31757,-1.91915,11.96599,
19.90000,9779.00163,46.99060,5450.62505,10.00395,17.52697,-2.63689,467.32029, 4.10589, 4.40859,-0.02430, 0.51186, 0.03059, 0.21887,-0.17867, 1.09663, 0.42673,220.78980,1730.78353,5113.64295,-2.31432,-1.91431,11.94822,
20.00000,9824.56348,47.85579,5460.91304,10.00524,17.57636,-2.62447,467.01925, 4.09753, 4.40312,-0.02474, 0.50214, 0.03114, 0.22043,-0.17815, 1.09310, 0.42647,220.43679,1730.11459,5147.02764,-2.31116,-1.90958,11.93084,
20.10000,9870.08560,48.72746,5471.24038,10.00647,17.62479,-2.61216,466.72150, 4.08943, 4.39777,-0.02517, 0.49260, 0.03147, 0.22198,-0.17764, 1.08964, 0.42622,220.08700,1729.44329,5180.08418,-2.30807,-1.90497,11.91384,
20.20000,9915.56849,49.60556,5481.60611,10.00762,17.67229,-2.60001,466.42705, 4.08157, 4.39255,-0.02558, 0.48324, 0.03160, 0.22351,-0.17714, 1.08626, 0.42596,219.74042,1728.76971,5212.81243,-2.30506,-1.90051,11.89720,
20.30000,9961.01266,50.49003,5492.00930,10.00869,17.71888,-2.58801,466.13587, 4.07396, 4.38746,-0.02598, 0.47405, 0.03158, 0.22503,-0.17665, 1.08295, 0.42571,219.39705,1728.09390,5245.21243,-2.30212,-1.89620,11.88090,
20.40000,10006.41861,51.38082,5502.44904,10.00967,17.76457,-2.57618,465.84795, 4.06657, 4.38254,-0.02634, 0.46502, 0.03145, 0.22654,-0.17617, 1.07970, 0.42547,219.05686,1727.41594,5277.28431,-2.29925,-1.89207,11.86496,
20.50000,10051.78683,52.27787,5512.92446,10.01058,17.80938,-2.56453,465.56328, 4.05942, 4.37776,-0.02668, 0.45615, 0.03126, 0.22804,-0.17571, 1.07652, 0.42522,218.71983,1726.73587,5309.02836,-2.29647,-1.88810,11.84936,
20.60000,10097.11782,53.18113,5523.43466,10.01141,17.85332,-2.55306,465.28183, 4.05248, 4.37315,-0.02698, 0.44743, 0.03107, 0.22952,-0.17525, 1.07340, 0.42498,218.38596,1726.05376,5340.44497,-2.29375,-1.88429,11.83412,
20.70000,10142.41206,54.09054,5533.97883,10.01217,17.89642,-2.54176,465.00360, 4.04576, 4.36868,-0.02725, 0.43886, 0.03091, 0.23099,-0.17481, 1.07035, 0.42475,218.05522,1725.36967,5371.53464,-2.29111,-1.88063,11.81925,
20.80000,10187.67004,55.00606,5544.55611,10.01286,17.93869,-2.53062,464.72857, 4.03924, 4.36436,-0.02748, 0.43044, 0.03082, 0.23245,-0.17437, 1.06736, 0.42451,217.72760,1724.68365,5402.29798,-2.28855,-1.87710,11.80474,
20.90000,10232.89225,55.92762,5555.16572,10.01348,17.98013,-2.51964,464.45671, 4.03292, 4.36017,-0.02768, 0.42218, 0.03082, 0.23389,-0.17394, 1.06442, 0.42428,217.40307,1723.99575,5432.73571,-2.28606,-1.87369,11.79062,
21.00000,10278.07915,56.85517,5565.80685,10.01406,18.02077,-2.50880,464.18802, 4.02680, 4.35609,-0.02785, 0.41407, 0.03090, 0.23532,-0.17352, 1.06155, 0.42405,217.08163,1723.30603,5462.84862,-2.28364,-1.87039,11.77688,
21.10000,10323.23122,57.78867,5576.47874,10.01458,18.06062,-2.49809,463.92248, 4.02086, 4.35212,-0.02799, 0.40611, 0.03108, 0.23674,-0.17311, 1.05873, 0.42382,216.76325,1722.61454,5492.63759,-2.28129,-1.86719,11.76353,
21.20000,10368.34893,58.72806,5587.18063,10.01506,18.09968,-2.48750,463.66006, 4.01512, 4.34825,-0.02812, 0.39830, 0.03132, 0.23814,-0.17271, 1.05597, 0.42360,216.44792,1721.92133,5522.10359,-2.27901,-1.86406,11.75055,
21.30000,10413.43275,59.67329,5597.91179,10.01550,18.13798,-2.47702,463.40076, 4.00955, 4.34448,-0.02822, 0.39065, 0.03160, 0.23953,-0.17231, 1.05327, 0.42338,216.13561,1721.22645,5551.24766,-2.27679,-1.86101,11.73795,
21.40000,10458.48314,60.62431,5608.67149,10.01591,18.17553,-2.46665,463.14456, 4.00417, 4.34078,-0.02830, 0.38315, 0.03192, 0.24091,-0.17191, 1.05061, 0.42316,215.82632,1720.52995,5580.07090,-2.27464,-1.85804,11.72572,
21.50000,10503.50055,61.58108,5619.45904,10.01628,18.21234,-2.45638,462.89142, 3.99896, 4.33717,-0.02838, 0.37580, 0.03223, 0.24227,-0.17152, 1.04802, 0.42295,215.52000,1719.83187,5608.57449,-2.27254,-1.85513,11.71385,
21.60000,10548.48544,62.54355,5630.27375,10.01662,18.24842,-2.44621,462.64135, 3.99392, 4.33364,-0.02844, 0.36859, 0.03252, 0.24362,-0.17114, 1.04547, 0.42274,215.21666,1719.13227,5636.75966,-2.27051,-1.85229,11.70231,
21.70000,10593.43827,63.51168,5641.11493,10.01693,18.28380,-2.43614,462.39431, 3.98905, 4.33020,-0.02850, 0.36153, 0.03277, 0.24496,-0.17076, 1.04297, 0.42253,214.91626,1718.43118,5664.62772,-2.26853,-1.84952,11.69111,
21.80000,10638.35947,64.48542,5651.98195,10.01721,18.31849,-2.42617,462.15029, 3.98435, 4.32683,-0.02854, 0.35460, 0.03298, 0.24628,-0.17039, 1.04053, 0.42232,214.61879,1717.72865,5692.18004,-2.26661,-1.84683,11.68023,
21.90000,10683.24948,65.46473,5662.87416,10.01746,18.35250,-2.41630,461.90927, 3.97981, 4.32356,-0.02858, 0.34781, 0.03313, 0.24759,-0.17002, 1.03814, 0.42212,214.32422,1717.02473,5719.41803,-2.26474,-1.84422,11.66966,
22.00000,10728.10875,66.44958,5673.79093,10.01767,18.38584,-2.40654,461.67123, 3.97542, 4.32038,-0.02861, 0.34114, 0.03323, 0.24889,-0.16967, 1.03579, 0.42192,214.03254,1716.31945,5746.34318,-2.26293,-1.84170,11.65939,
22.10000,10772.93771,67.43991,5684.73165,10.01786,18.41854,-2.39690,461.43614, 3.97119, 4.31729,-0.02863, 0.33461, 0.03329, 0.25017,-0.16931, 1.03349, 0.42172,213.74372,1715.61286,5772.95704,-2.26117,-1.83926,11.64942,
22.20000,10817.73679,68.43570,5695.69573,10.01801,18.45059,-2.38736,461.20399, 3.96711, 4.31430,-0.02864, 0.32819, 0.03331, 0.25144,-0.16897, 1.03123, 0.42152,213.45773,1714.90500,5799.26119,-2.25946,-1.83691,11.63973,
22.30000,10862.50640,69.43691,5706.68258,10.01813,18.48202,-2.37794,460.97475, 3.96318, 4.31141,-0.02864, 0.32190, 0.03330, 0.25270,-0.16863, 1.02903, 0.42133,213.17457,1714.19590,5825.25730,-2.25780,-1.83465,11.63033,
22.40000,10907.24698,70.44349,5717.69162,10.01822,18.51283,-2.36864,460.74840, 3.95939, 4.30861,-0.02862, 0.31572, 0.03328, 0.25394,-0.16830, 1.02686, 0.42114,212.89419,1713.48560,5850.94705,-2.25619,-1.83248,11.62121,
22.50000,10951.95894,71.45541,5728.72232,10.01828,18.54305,-2.35945,460.52492, 3.95573, 4.30591,-0.02859, 0.30966, 0.03326, 0.25517,-0.16797, 1.02474, 0.42095,212.61659,1712.77415,5876.33220,-2.25463,-1.83039,11.61238,
22.60000,10996.64268,72.47263,5739.77411,10.01831,18.57267,-2.35037,460.30429, 3.95222, 4.30330,-0.02855, 0.30371, 0.03324, 0.25639,-0.16765, 1.02266, 0.42077,212.34173,1712.06157,5901.41454,-2.25312,-1.82839,11.60382,
22.70000,11041.29862,73.49512,5750.84647,10.01832,18.60171,-2.34139,460.08648, 3.94884, 4.30078,-0.02850, 0.29788, 0.03323, 0.25759,-0.16734, 1.02062, 0.42059,212.06959,1711.34791,5926.19592,-2.25166,-1.82646,11.59554,
22.80000,11085.92716,74.52284,5761.93888,10.01830,18.63018,-2.33252,459.87147, 3.94558, 4.29835,-0.02844, 0.29215, 0.03324, 0.25878,-0.16703, 1.01862, 0.42041,211.80016,1710.63320,5950.67820,-2.25024,-1.82460,11.58754,
22.90000,11130.52870,75.55575,5773.05083,10.01827,18.65810,-2.32376,459.65924, 3.94246, 4.29600,-0.02836, 0.28654, 0.03326, 0.25996,-0.16673, 1.01667, 0.42023,211.53340,1709.91747,5974.86331,-2.24887,-1.82282,11.57982,
23.00000,11175.10363,76.59383,5784.18183,10.01821,18.68546,-2.31509,459.44976, 3.93946, 4.29373,-0.02828, 0.28103, 0.03330, 0.26112,-0.16643, 1.01475, 0.42006,211.26929,1709.20075,5998.75320,-2.24754,-1.82110,11.57237,
23.10000,11219.65234,77.63703,5795.33139,10.01813,18.71229,-2.30651,459.24302, 3.93658, 4.29154,-0.02819, 0.27562, 0.03335, 0.26227,-0.16614, 1.01287, 0.41989,211.00781,1708.48308,6022.34985,-2.24626,-1.81944,11.56518,
23.20000,11264.17523,78.68532,5806.49904,10.01804,18.73859,-2.29802,459.03898, 3.93382, 4.28942,-0.02809, 0.27033, 0.03341, 0.26341,-0.16586, 1.01103, 0.41972,210.74893,1707.76449,6045.65527,-2.24502,-1.81784,11.55827,
23.30000,11308.67266,79.73868,5817.68431,10.01794,18.76437,-2.28963,458.83764, 3.93117, 4.28738,-0.02799, 0.26513, 0.03346, 0.26453,-0.16558, 1.00922, 0.41955,210.49264,1707.04501,6068.67150,-2.24382,-1.81630,11.55161,
23.40000,11353.14503,80.79707,5828.88676,10.01782,18.78965,-2.28132,458.63895, 3.92864, 4.28541,-0.02788, 0.26004, 0.03352, 0.26565,-0.16530, 1.00745, 0.41938,210.23890,1706.32467,6091.40063,-2.24267,-1.81482,11.54520,
23.50000,11397.59269,81.86046,5840.10594,10.01769,18.81443,-2.27310,458.44291, 3.92622, 4.28351,-0.02777, 0.25505, 0.03356, 0.26674,-0.16503, 1.00571, 0.41922,209.98769,1705.60350,6113.84474,-2.24155,-1.81339,11.53904,
23.60000,11442.01603,82.92881,5851.34142,10.01754,18.83871,-2.26496,458.24948, 3.92391, 4.28168,-0.02766, 0.25015, 0.03360, 0.26783,-0.16476, 1.00401, 0.41906,209.73900,1704.88152,6136.00596,-2.24047,-1.81202,11.53313,
23.70000,11486.41540,84.00211,5862.59279,10.01738,18.86253,-2.25691,458.05864, 3.92171, 4.27992,-0.02754, 0.24535, 0.03362, 0.26891,-0.16450, 1.00235, 0.41891,209.49278,1704.15878,6157.88643,-2.23943,-1.81071,11.52745,
23.80000,11530.79117,85.08031,5873.85962,10.01721,18.88587,-2.24895,457.87037, 3.91961, 4.27823,-0.02741, 0.24064, 0.03363, 0.26997,-0.16424, 1.00072, 0.41875,209.24903,1703.43528,6179.48831,-2.23842,-1.80946,11.52200,
23.90000,11575.14369,86.16340,5885.14151,10.01703,18.90875,-2.24106,457.68465, 3.91761, 4.27660,-0.02728, 0.23602, 0.03362, 0.27102,-0.16399, 0.99912, 0.41860,209.00771,1702.71107,6200.81380,-2.23745,-1.80826,11.51678,
24.00000,11619.47332,87.25135,5896.43808,10.01684,18.93119,-2.23327,457.50144, 3.91571, 4.27505,-0.02715, 0.23149, 0.03361, 0.27205,-0.16375, 0.99755, 0.41845,208.76880,1701.98617,6221.86510,-2.23652,-1.80711,11.51178,
24.10000,11663.78040,88.34412,5907.74894,10.01663,18.95318,-2.22555,457.32073, 3.91391, 4.27357,-0.02702, 0.22705, 0.03358, 0.27308,-0.16350, 0.99601, 0.41830,208.53228,1701.26059,6242.64443,-2.23562,-1.80603,11.50700,
24.20000,11708.06528,89.44169,5919.07371,10.01642,18.97474,-2.21792,457.14250, 3.91220, 4.27215,-0.02688, 0.22269, 0.03355, 0.27409,-0.16327, 0.99451, 0.41815,208.29812,1700.53438,6263.15403,-2.23476,-1.80500,11.50244,
24.30000,11752.32830,90.54404,5930.41204,10.01619,18.99588,-2.21037,456.96671, 3.91059, 4.27080,-0.02674, 0.21842, 0.03352, 0.27509,-0.16303, 0.99303, 0.41801,208.06630,1699.80754,6283.39617,-2.23393,-1.80402,11.49809,
24.40000,11796.56978,91.65113,5941.76355,10.01596,19.01660,-2.20290,456.79335, 3.90906, 4.26952,-0.02659, 0.21423, 0.03349, 0.27608,-0.16280, 0.99159, 0.41787,207.83679,1699.08011,6303.37311,-2.23313,-1.80310,11.49394,
24.50000,11840.79007,92.76295,5953.12791,10.01572,19.03691,-2.19551,456.62238, 3.90763, 4.26830,-0.02644, 0.21012, 0.03345, 0.27705,-0.16258, 0.99017, 0.41773,207.60957,1698.35211,6323.08713,-2.23236,-1.80222,11.49000,
24.60000,11884.98950,93.87947,5964.50476,10.01547,19.05682,-2.18820,456.45380, 3.90628, 4.26714,-0.02629, 0.20609, 0.03342, 0.27802,-0.16236, 0.98878, 0.41759,207.38461,1697.62356,6342.54052,-2.23163,-1.80140,11.48627,
24.70000,11929.16837,95.00066,5975.89378,10.01521,19.07634,-2.18097,456.28756, 3.90501, 4.26605,-0.02613, 0.20213, 0.03339, 0.27897,-0.16214, 0.98742, 0.41746,207.16190,1696.89448,6361.73561,-2.23092,-1.80062,11.48273,
24.80000,11973.32703,96.12650,5987.29465,10.01494,19.09547,-2.17381,456.12365, 3.90383, 4.26501,-0.02597, 0.19825, 0.03336, 0.27991,-0.16193, 0.98609, 0.41733,206.94140,1696.16489,6380.67468,-2.23025,-1.79989,11.47939,
24.90000,12017.46577,97.25696,5998.70703,10.01468,19.11423,-2.16672,455.96205, 3.90273, 4.26403,-0.02581, 0.19445, 0.03333, 0.28084,-0.16173, 0.98478, 0.41720,206.72310,1695.43483,6399.36007,-2.22960,-1.79921,11.47625,
25.00000,12061.58491,98.39203,6010.13063,10.01440,19.13261,-2.15970,455.80273, 3.90171, 4.26311,-0.02565, 0.19072, 0.03331, 0.28176,-0.16152, 0.98350, 0.41707,206.50696,1694.70429,6417.79411,-2.22899,-1.79857,11.47329,
25.10000,12105.68477,99.53168,6021.56514,10.01412,19.15063,-2.15275,455.64567, 3.90076, 4.26225,-0.02549, 0.18706, 0.03328, 0.28266,-0.16132, 0.98225, 0.41694,206.29297,1693.97332,6435.97912,-2.22840,-1.79797,11.47053,
25.20000,12149.76563,100.67588,6033.01026,10.01384,19.16830,-2.14587,455.49084, 3.89989, 4.26144,-0.02532, 0.18348, 0.03325, 0.28356,-0.16113, 0.98102, 0.41682,206.08110,1693.24192,6453.91744,-2.22784,-1.79741,11.46794,
25.30000,12193.82781,101.82463,6044.46570,10.01355,19.18561,-2.13906,455.33821, 3.89910, 4.26068,-0.02515, 0.17996, 0.03322, 0.28444,-0.16093, 0.97981, 0.41670,205.87132,1692.51012,6471.61141,-2.22730,-1.79689,11.46553,
25.40000,12237.87159,102.97788,6055.93118,10.01326,19.20259,-2.13232,455.18778, 3.89837, 4.25998,-0.02499, 0.17651, 0.03319, 0.28531,-0.16075, 0.97863, 0.41658,205.66362,1691.77792,6489.06337,-2.22679,-1.79642,11.46330,
25.50000,12281.89728,104.13564,6067.40643,10.01297,19.21923,-2.12564,455.03950, 3.89771, 4.25933,-0.02482, 0.17313, 0.03316, 0.28617,-0.16056, 0.97748, 0.41646,205.45797,1691.04537,6506.27567,-2.22631,-1.79598,11.46125,
25.60000,12325.90515,105.29786,6078.89116,10.01268,19.23554,-2.11903,454.89337, 3.89713, 4.25872,-0.02465, 0.16982, 0.03312, 0.28702,-0.16038, 0.97634, 0.41634,205.25435,1690.31246,6523.25065,-2.22585,-1.79558,11.45936,
25.70000,12369.89550,106.46454,6090.38513,10.01238,19.25152,-2.11248,454.74935, 3.89661, 4.25817,-0.02448, 0.16657, 0.03308, 0.28786,-0.16020, 0.97523, 0.41623,205.05273,1689.57922,6539.99066,-2.22542,-1.79522,11.45764,
25.80000,12413.86860,107.63565,6101.88807,10.01208,19.26719,-2.10599,454.60742, 3.89615, 4.25767,-0.02431, 0.16338, 0.03303, 0.28869,-0.16003, 0.97415, 0.41611,204.85309,1688.84566,6556.49803,-2.22501,-1.79490,11.45608,
25.90000,12457.82473,108.81117,6113.39973,10.01178,19.28256,-2.09957,454.46756, 3.89576, 4.25722,-0.02414, 0.16025, 0.03299, 0.28951,-0.15986, 0.97308, 0.41600,204.65541,1688.11180,6572.77512,-2.22462,-1.79461,11.45467,
26.00000,12501.76417,109.99109,6124.91986,10.01147,19.29761,-2.09320,454.32975, 3.89543, 4.25682,-0.02397, 0.15719, 0.03294, 0.29031,-0.15969, 0.97203, 0.41590,204.45966,1687.37766,6588.82426,-2.22426,-1.79436,11.45343,
26.10000,12545.68718,111.17538,6136.44823,10.01117,19.31237,-2.08690,454.19396, 3.89516, 4.25646,-0.02380, 0.15418, 0.03288, 0.29111,-0.15953, 0.97101, 0.41579,204.26583,1686.64325,6604.64778,-2.22392,-1.79415,11.45234,
26.20000,12589.59404,112.36403,6147.98460,10.01086,19.32684,-2.08066,454.06017, 3.89495, 4.25616,-0.02363, 0.15123, 0.03283, 0.29190,-0.15936, 0.97001, 0.41568,204.07388,1685.90860,6620.24803,-2.22360,-1.79397,11.45140,
26.30000,12633.48499,113.55702,6159.52874,10.01055,19.34102,-2.07448,453.92835, 3.89480, 4.25589,-0.02346, 0.14834, 0.03278, 0.29267,-0.15921, 0.96902, 0.41558,203.88380,1685.17370,6635.62732,-2.22330,-1.79383,11.45060,
26.40000,12677.36031,114.75433,6171.08043,10.01024,19.35492,-2.06835,453.79849, 3.89470, 4.25567,-0.02329, 0.14550, 0.03272, 0.29344,-0.15905, 0.96806, 0.41548,203.69556,1684.43858,6650.78799,-2.22302,-1.79372,11.44995,
26.50000,12721.22024,115.95595,6182.63945,10.00993,19.36854,-2.06228,453.67057, 3.89466, 4.25550,-0.02312, 0.14272, 0.03267, 0.29419,-0.15890, 0.96712, 0.41538,203.50915,1683.70325,6665.73234,-2.22277,-1.79364,11.44945,
26.60000,12765.06505,117.16185,6194.20558,10.00963,19.38189,-2.05627,453.54455, 3.89468, 4.25537,-0.02295, 0.14000, 0.03261, 0.29494,-0.15875, 0.96619, 0.41528,203.32454,1682.96773,6680.46270,-2.22253,-1.79359,11.44908,
26.70000,12808.89498,118.37202,6205.77862,10.00932,19.39498,-2.05032,453.42041, 3.89474, 4.25528,-0.02278, 0.13732, 0.03256, 0.29567,-0.15861, 0.96529, 0.41519,203.14170,1682.23203,6694.98135,-2.22231,-1.79357,11.44885,
26.80000,12852.71027,119.58644,6217.35837,10.00901,19.40781,-2.04441,453.29815, 3.89486, 4.25523,-0.02261, 0.13470, 0.03251, 0.29640,-0.15846, 0.96440, 0.41509,202.96062,1681.49617,6709.29061,-2.22211,-1.79359,11.44876,
26.90000,12896.51116,120.80510,6228.94463,10.00870,19.42038,-2.03856,453.17772, 3.89503, 4.25522,-0.02244, 0.13213, 0.03245, 0.29711,-0.15832, 0.96353, 0.41500,202.78128,1680.76015,6723.39276,-2.22193,-1.79363,11.44880,
27.00000,12940.29790,122.02798,6240.53719,10.00839,19.43270,-2.03277,453.05912, 3.89524, 4.25525,-0.02227, 0.12961, 0.03240, 0.29782,-0.15819, 0.96268, 0.41491,202.60365,1680.02398,6737.29008,-2.22177,-1.79370,11.44897,
27.10000,12984.07072,123.25506,6252.13588,10.00809,19.44478,-2.02702,452.94232, 3.89550, 4.25533,-0.02210, 0.12714, 0.03234, 0.29852,-0.15805, 0.96184, 0.41482,202.42771,1679.28769,6750.98483,-2.22163,-1.79380,11.44927,
27.20000,13027.82985,124.48634,6263.74051,10.00778,19.45662,-2.02132,452.82729, 3.89581, 4.25543,-0.02193, 0.12471, 0.03229, 0.29920,-0.15792, 0.96102, 0.41473,202.25344,1678.55128,6764.47927,-2.22150,-1.79393,11.44969,
27.30000,13071.57553,125.72178,6275.35089,10.00748,19.46823,-2.01568,452.71402, 3.89617, 4.25558,-0.02177, 0.12233, 0.03223, 0.29988,-0.15779, 0.96022, 0.41465,202.08082,1677.81477,6777.77567,-2.22139,-1.79408,11.45023,
27.40000,13115.30797,126.96139,6286.96686,10.00718,19.47960,-2.01008,452.60248, 3.89656, 4.25576,-0.02160, 0.12000, 0.03217, 0.30055,-0.15767, 0.95943, 0.41456,201.90983,1677.07816,6790.87625,-2.22130,-1.79426,11.45090,
27.50000,13159.02740,128.20514,6298.58823,10.00688,19.49074,-2.00453,452.49266, 3.89701, 4.25598,-0.02143, 0.11772, 0.03211, 0.30121,-0.15754, 0.95866, 0.41448,201.74045,1676.34148,6803.78324,-2.22122,-1.79447,11.45168,
27.60000,13202.73404,129.45302,6310.21485,10.00658,19.50167,-1.99903,452.38453, 3.89749, 4.25624,-0.02127, 0.11548, 0.03205, 0.30186,-0.15742, 0.95791, 0.41440,201.57266,1675.60472,6816.49887,-2.22116,-1.79470,11.45257,
27.70000,13246.42810,130.70501,6321.84654,10.00628,19.51238,-1.99358,452.27807, 3.89801, 4.25653,-0.02111, 0.11328, 0.03199, 0.30250,-0.15730, 0.95717, 0.41432,201.40644,1674.86789,6829.02533,-2.22111,-1.79496,11.45358,
27.80000,13290.10980,131.96111,6333.48314,10.00598,19.52287,-1.98817,452.17326, 3.89858, 4.25685,-0.02095, 0.11112, 0.03193, 0.30313,-0.15719, 0.95645, 0.41424,201.24177,1674.13102,6841.36482,-2.22108,-1.79524,11.45470,
27.90000,13333.77935,133.22129,6345.12451,10.00569,19.53316,-1.98281,452.07009, 3.89918, 4.25721,-0.02078, 0.10901, 0.03186, 0.30376,-0.15707, 0.95574, 0.41416,201.07862,1673.39411,6853.51952,-2.22106,-1.79554,11.45593,
28.00000,13377.43695,134.48555,6356.77048,10.00540,19.54324,-1.97749,451.96852, 3.89982, 4.25760,-0.02062, 0.10694, 0.03180, 0.30437,-0.15696, 0.95504, 0.41409,200.91698,1672.65717,6865.49159,-2.22106,-1.79587,11.45727,
28.10000,13421.08281,135.75387,6368.42090,10.00511,19.55311,-1.97222,451.86855, 3.90049, 4.25802,-0.02046, 0.10491, 0.03174, 0.30498,-0.15685, 0.95436, 0.41401,200.75683,1671.92021,6877.28319,-2.22107,-1.79622,11.45871,
28.20000,13464.71714,137.02623,6380.07564,10.00482,19.56280,-1.96699,451.77014, 3.90121, 4.25847,-0.02031, 0.10292, 0.03167, 0.30558,-0.15675, 0.95369, 0.41394,200.59816,1671.18324,6888.89647,-2.22110,-1.79659,11.46025,
28.30000,13508.34012,138.30263,6391.73455,10.00453,19.57229,-1.96181,451.67328, 3.90196, 4.25896,-0.02015, 0.10096, 0.03161, 0.30617,-0.15664, 0.95304, 0.41387,200.44093,1670.44626,6900.33354,-2.22114,-1.79699,11.46189,
28.40000,13551.95196,139.58306,6403.39748,10.00425,19.58158,-1.95666,451.57796, 3.90274, 4.25948,-0.01999, 0.09905, 0.03154, 0.30675,-0.15654, 0.95240, 0.41380,200.28513,1669.70929,6911.59652,-2.22119,-1.79740,11.46364,
28.50000,13595.55284,140.86749,6415.06431,10.00397,19.59070,-1.95156,451.48414, 3.90355, 4.26002,-0.01984, 0.09717, 0.03148, 0.30732,-0.15644, 0.95177, 0.41373,200.13075,1668.97234,6922.68751,-2.22125,-1.79784,11.46547,
28.60000,13639.14296,142.15591,6426.73490,10.00369,19.59963,-1.94650,451.39182, 3.90440, 4.26060,-0.01968, 0.09533, 0.03141, 0.30789,-0.15634, 0.95115, 0.41366,199.97776,1668.23542,6933.60860,-2.22133,-1.79830,11.46741,
28.70000,13682.72251,143.44832,6438.40912,10.00341,19.60838,-1.94148,451.30097, 3.90528, 4.26120,-0.01953, 0.09352, 0.03134, 0.30844,-0.15625, 0.95055, 0.41360,199.82614,1667.49852,6944.36185,-2.22142,-1.79878,11.46943,
28.80000,13726.29166,144.74471,6450.08685,10.00314,19.61696,-1.93649,451.21157, 3.90619, 4.26183,-0.01938, 0.09175, 0.03128, 0.30899,-0.15615, 0.94996, 0.41354,199.67589,1666.76167,6954.94931,-2.22152,-1.79927,11.47155,
28.90000,13769.85061,146.04505,6461.76796,10.00287,19.62537,-1.93155,451.12360, 3.90713, 4.26249,-0.01923, 0.09001, 0.03121, 0.30954,-0.15606, 0.94938, 0.41347,199.52697,1666.02487,6965.37304,-2.22163,-1.79979,11.47376,
29.00000,13813.39952,147.34935,6473.45232,10.00260,19.63361,-1.92665,451.03705, 3.90810, 4.26318,-0.01908, 0.08831, 0.03115, 0.31007,-0.15597, 0.94882, 0.41341,199.37937,1665.28812,6975.63504,-2.22175,-1.80032,11.47605,
29.10000,13856.93858,148.65758,6485.13984,10.00233,19.64168,-1.92178,450.95190, 3.90910, 4.26389,-0.01894, 0.08664, 0.03108, 0.31060,-0.15588, 0.94826, 0.41335,199.23308,1664.55144,6985.73733,-2.22189,-1.80087,11.47843,
29.20000,13900.46796,149.96974,6496.83038,10.00207,19.64959,-1.91695,450.86813, 3.91012, 4.26463,-0.01879, 0.08500, 0.03101, 0.31111,-0.15580, 0.94772, 0.41329,199.08807,1663.81483,6995.68190,-2.22203,-1.80144,11.48090,
29.30000,13943.98783,151.28581,6508.52383,10.00181,19.65735,-1.91216,450.78572, 3.91118, 4.26539,-0.01865, 0.08340, 0.03095, 0.31162,-0.15571, 0.94718, 0.41323,198.94434,1663.07829,7005.47073,-2.22219,-1.80203,11.48344,
29.40000,13987.49836,152.60579,6520.22010,10.00155,19.66495,-1.90740,450.70465, 3.91225, 4.26618,-0.01850, 0.08183, 0.03088, 0.31213,-0.15563, 0.94666, 0.41318,198.80185,1662.34185,7015.10578,-2.22235,-1.80263,11.48607,
29.50000,14030.99972,153.92966,6531.91906,10.00130,19.67239,-1.90268,450.62490, 3.91336, 4.26700,-0.01836, 0.08028, 0.03081, 0.31262,-0.15555, 0.94615, 0.41312,198.66060,1661.60550,7024.58899,-2.22253,-1.80325,11.48878,
29.60000,14074.49206,155.25742,6543.62062,10.00105,19.67969,-1.89800,450.54646, 3.91449, 4.26783,-0.01822, 0.07877, 0.03074, 0.31311,-0.15547, 0.94565, 0.41307,198.52057,1660.86924,7033.92230,-2.22271,-1.80389,11.49156,
29.70000,14117.97556,156.58904,6555.32467,10.00080,19.68684,-1.89335,450.46932, 3.91564, 4.26870,-0.01808, 0.07729, 0.03067, 0.31360,-0.15539, 0.94516, 0.41302,198.38174,1660.13309,7043.10760,-2.22291,-1.80455,11.49442,
29.80000,14161.45037,157.92453,6567.03112,10.00055,19.69385,-1.88873,450.39344, 3.91682, 4.26958,-0.01794, 0.07583, 0.03060, 0.31407,-0.15532, 0.94467, 0.41296,198.24409,1659.39706,7052.14680,-2.22311,-1.80521,11.49736,
29.90000,14204.91664,159.26387,6578.73986,10.00031,19.70071,-1.88415,450.31882, 3.91802, 4.27049,-0.01781, 0.07441, 0.03053, 0.31454,-0.15525, 0.94420, 0.41291,198.10762,1658.66114,7061.04179,-2.22332,-1.80590,11.50036,
30.00000,14248.37454,160.60705,6590.45080,10.00007,19.70744,-1.87960,450.24544, 3.91924, 4.27142,-0.01767, 0.07301, 0.03047, 0.31500,-0.15517, 0.94374, 0.41286,197.97229,1657.92535,7069.79441,-2.22355,-1.80660,11.50344,
